chr1	8425000	8925000	0.9166666666666666	2.5741015080893894	chr1	8425000	8925000	0.9166666666666666	3.622344722724236
chr1	10525000	11050000	0.6277753129999879	3.736740155453209	chr1	10525000	11075000	0.69606674238245	4.251416132705458
chr1	17225000	17725000	0.9511844635310911	5.613513236043829	chr1	17275000	17725000	0.8535533905932737	3.6907662726382413
chr1	21050000	21525000	1.0	6.67898738780421	chr1	21000000	21550000	0.9633883476483185	5.181599534823231
chr1	21525000	21975000	0.8	2.848330825093853	chr1	21550000	22000000	1.0	4.449726433253184
chr1	34075000	35225000	0.8018955384569832	0.0028825085331213654	chr1	34025000	35225000	0.817395898624397	0.08406426478847455
chr1	36950000	37900000	0.7200115349467857	0.0	chr1	36950000	37900000	0.7200115349467857	0.0
chr1	38500000	39050000	0.7361359120657514	0.03562390973072122	chr1	38500000	39025000	0.7031553328075533	0.014355292977070055
chr1	46775000	47225000	1.0	4.212880566344385	chr1	46775000	47225000	1.0	3.3041459412029464
chr1	49250000	50550000	0.6838318909269884	0.030924573194900707	chr1	49375000	50800000	0.7294984268039478	0.00480098626382128
chr1	53175000	53675000	0.7071067811865475	3.9142228064832025	chr1	53200000	53700000	0.7071067811865475	4.015184043382377
chr1	54550000	55000000	0.9023689270621825	3.5935031724241098	chr1	54525000	54975000	0.5	2.928014935644125
chr1	57875000	58900000	0.8223147837106144	0.0	chr1	57825000	58625000	0.8989989175188592	0.0
chr1	61300000	61950000	0.7190279412532683	3.144046369616707	chr1	61300000	62050000	0.9138325214724776	1.0496307677246008
chr1	70975000	71575000	0.9581581115980782	6.53954658023841	chr1	71025000	71525000	1.0	0.0
chr1	75225000	75675000	0.882842712474619	0.007195501404203767	chr1	75200000	75700000	0.9023689270621824	3.551516017628014
chr1	76625000	77575000	0.8589768061086397	0.070389327891398	chr1	76300000	77600000	0.7731433169901115	0.8875252707415875
chr1	85300000	85775000	1.0	2.5959128002816967	chr1	85250000	85750000	1.0	2.290887757945978
chr1	89400000	89900000	1.0	2.593486573027695	chr1	89400000	89925000	1.0	2.855657546958012
chr1	90525000	91100000	0.7758608334925217	0.0	chr1	90525000	91025000	0.8535533905932736	0.0
chr1	91100000	91625000	0.8535533905932736	3.302319050948834	chr1	91025000	91575000	0.9581581115980782	1.7452373321297494
chr1	91950000	92425000	1.0	4.269407240854037	chr1	91950000	92425000	1.0	1.3729520979118293
chr1	94400000	94925000	1.0	1.97330513333458	chr1	94375000	94925000	0.9633883476483185	2.8467440232448684
chr1	101375000	101825000	1.0	5.2128935326997	chr1	101375000	101825000	1.0	3.54946381949977
chr1	107750000	108300000	0.9633883476483185	0.0	chr1	107750000	108300000	0.9633883476483185	0.0
chr1	110600000	111050000	1.0	5.729382823693707	chr1	110625000	111075000	1.0	4.885909864208034
chr1	116625000	117100000	1.0	6.738587713815891	chr1	116625000	117125000	1.0	4.347665656300971
chr1	117100000	117625000	1.0	4.437579693476229	chr1	117125000	117600000	0.8242640687119285	0.16735792773851413
chr1	118575000	119575000	0.70790160632377	0.02856915219677092	chr1	118500000	119475000	0.7036110809884037	0.04264433740849372
chr1	149550000	150225000	0.9545454545454545	4.222579772163397	chr1	149750000	150250000	1.0	3.8727431244045176
chr1	150500000	150975000	0.8242640687119285	5.515481507256175	chr1	150525000	150975000	1.0	4.194380800502342
chr1	151225000	152000000	0.8029482191318293	5.331205154558454	chr1	150975000	152025000	0.8271150617728401	5.685656189292359
chr1	152000000	152500000	1.0	3.968182934086813	chr1	152025000	152475000	1.0	0.0
chr1	159075000	159725000	0.7508673033404712	0.02068985876718501	chr1	159125000	159725000	0.765685424949238	0.0036022366801955253
chr1	160650000	161125000	0.9	4.667277155615822	chr1	160625000	161100000	0.9023689270621824	3.3779913269058817
chr1	165925000	166400000	0.7535533905932736	0.13750352374993502	chr1	165950000	166450000	0.8744743347942346	0.0600473836699389
chr1	169350000	169850000	1.0	3.3490821463910887	chr1	169350000	169825000	0.9267766952966369	0.8659188145522125
chr1	169850000	170400000	0.9633883476483185	2.556633777662662	chr1	169825000	170450000	0.9707106781186547	1.9202933002110072
chr1	170925000	171425000	0.8535533905932736	0.045442970761167115	chr1	170925000	171450000	0.8535533905932736	0.10165007609443479
chr1	172700000	173175000	0.782842712474619	0.0	chr1	172725000	173200000	0.6242640687119285	2.2149019101606964
chr1	174225000	174700000	0.882842712474619	0.292781749227846	chr1	174200000	174700000	0.9023689270621824	0.007195501404203767
chr1	175350000	175875000	1.0	0.0	chr1	175350000	175825000	1.0	0.0
chr1	176300000	176900000	1.0	0.014355292977070055	chr1	176250000	176850000	1.0	0.070389327891398
chr1	181425000	182025000	0.9999999999999999	0.0	chr1	181475000	182025000	0.9163162231961564	0.0
chr1	185175000	185675000	0.8535533905932737	6.6408956293285675	chr1	185200000	185675000	0.8535533905932737	3.769771739249448
chr1	185675000	186325000	0.9467466874884631	0.1342209397606334	chr1	185675000	186325000	0.9467466874884631	1.3812833725037836
chr1	197500000	197950000	1.0	2.0851980134054777	chr1	197475000	197925000	1.0	1.7725895038969275
chr1	198725000	199575000	0.9563836415690856	0.0	chr1	198700000	199575000	0.9633883476483185	0.0
chr1	208800000	209400000	1.0	0.0	chr1	208800000	209325000	0.7331117402787095	0.0
chr1	210575000	211325000	0.9816941738241592	0.0	chr1	210775000	211400000	0.9121320343559642	0.18269229751619032
chr1	211325000	211850000	0.790790557990391	4.224734898030627	chr1	211400000	211850000	1.0	2.574343753920013
chr1	219475000	219975000	1.0	0.0	chr1	219625000	220100000	1.0	0.0
chr1	220375000	220975000	1.0	2.987775616142913	chr1	220400000	220975000	1.0	1.3156628318149097
chr1	224650000	225100000	0.9267766952966369	6.096662452337225	chr1	224625000	225125000	1.0	3.7498024016800495
chr1	225100000	225550000	0.9414213562373096	0.0	chr1	225125000	225600000	1.0	0.0
chr1	227125000	227650000	0.8242640687119284	4.810186007695356	chr1	227125000	227675000	0.7478434376790869	2.604071323668861
chr1	228225000	228775000	0.9078689325833263	5.711035961190232	chr1	228275000	228775000	1.0	5.320355731257073
chr1	236225000	236725000	0.9023689270621825	3.4274720870862887	chr1	236250000	236750000	0.9166666666666665	3.0290110866590685
chr1	241650000	242175000	0.9023689270621824	5.297872662307126	chr1	241675000	242125000	1.0	3.3912865581111844
chr1	242175000	242975000	0.842116021782038	0.0	chr1	242125000	243250000	0.8152199103349387	0.017921907997262315
chr1	244000000	244450000	0.9023689270621825	0.7541748841984292	chr1	243950000	244500000	0.743872397312364	2.647698256069119
chr1	246000000	246650000	0.9511844635310912	0.0	chr1	246175000	246650000	1.0	0.0
chr1	246950000	247525000	0.9267766952966369	3.842835201439171	chr1	247025000	247575000	0.9267766952966369	2.2063306478710496
chr10	1775000	2875000	0.7833210058632073	0.0	chr10	1800000	2875000	0.7813969796062548	0.0
chr10	9350000	10025000	0.8973139127471974	0.0	chr10	9350000	9900000	0.9511844635310913	0.0
chr10	12250000	12750000	1.0	0.03562390973072122	chr10	12250000	12750000	1.0	1.9297909977185974
chr10	15450000	15900000	0.882842712474619	0.007195501404203767	chr10	15450000	15925000	0.9023689270621824	2.1969217338203295
chr10	16850000	17300000	1.0	6.419833804864388	chr10	16850000	17325000	1.0	9.595730686144655
chr10	17300000	17825000	0.9511844635310913	2.9861833628813717	chr10	17325000	17825000	1.0	3.0443941193584534
chr10	18550000	19000000	0.9267766952966369	4.12515513132229	chr10	18550000	19000000	0.9267766952966369	1.91169158187234
chr10	22850000	23400000	0.8373467368390076	3.832214911185231	chr10	22825000	23375000	0.9163162231961565	1.936402377725063
chr10	23400000	23850000	0.8894427190999916	0.10936055940423045	chr10	23375000	23850000	0.9414213562373096	1.939978764940706
chr10	24850000	25400000	1.0	4.549515160046773	chr10	24875000	25400000	1.0	3.0029275020630695
chr10	35900000	37150000	0.713550318882653	0.5704629310260412	chr10	35900000	37175000	0.7064378349367751	1.3645724322958561
chr10	37150000	38000000	0.7368111394477792	0.017921907997262315	chr10	37175000	38050000	0.7766500729552115	0.0
chr10	38000000	38750000	0.8067890726090051	3.3331374563076657	chr10	38050000	38750000	0.9105390639790305	1.6571826601284232
chr10	43625000	44175000	0.7560934459608026	5.413183629005869	chr10	43625000	44125000	0.8333333333333334	4.050377311100063
chr10	44900000	45400000	1.0	0.0	chr10	44875000	45425000	0.9581581115980783	4.658639942401795
chr10	50150000	50750000	0.882842712474619	2.947315491603061	chr10	50175000	50750000	0.86982523608291	0.8037436685052252
chr10	54000000	54575000	0.9023689270621824	0.0	chr10	54000000	54575000	0.9023689270621824	4.897845456005512
chr10	64075000	64650000	0.9060355974096117	2.7120454485536927	chr10	64050000	64625000	0.9267766952966369	1.8962718488073755
chr10	64925000	65550000	1.0	4.270528942380718	chr10	64900000	65575000	0.7651650429449554	2.852498298789891
chr10	69525000	70150000	0.9414213562373096	4.350800302445166	chr10	69575000	70150000	0.926776695296637	4.283075120264018
chr10	73050000	73825000	0.9191941738241592	6.110700796066866	chr10	73050000	73600000	0.7781733707857081	2.394376944957055
chr10	76000000	76475000	0.8535533905932736	0.0	chr10	75975000	76525000	0.8576783947341317	0.0
chr10	77050000	77825000	0.9138549356431023	0.0	chr10	77150000	77775000	0.7596194077712559	1.6016965164809571
chr10	81325000	81800000	1.0	0.1424134378737413	chr10	81325000	81775000	0.8535533905932737	0.053111336459562536
chr10	82725000	85625000	0.4049430313354752	0.0	chr10	82450000	85675000	0.3553322392848475	0.007195501404203767
chr10	86375000	87825000	0.7107218461051165	0.0	chr10	86350000	88125000	0.6110376674804815	0.0
chr10	91000000	91575000	0.9674563090207274	1.6616989353784373	chr10	91000000	91550000	0.8157378651666526	1.9859051701142134
chr10	93775000	94250000	0.882842712474619	3.2199429139541254	chr10	93750000	94250000	0.9	3.10936055940423
chr10	96350000	96875000	0.9023689270621824	0.012568673503055681	chr10	96375000	96875000	0.665685424949238	0.005399987742589676
chr10	102725000	103325000	0.7808207067486249	2.9925418591091124	chr10	102725000	103325000	0.7808207067486249	4.351057007876479
chr10	113050000	113850000	0.8167516530192332	0.0	chr10	112850000	113850000	0.7445366251402198	0.0
chr10	114925000	115425000	0.8744743347942348	0.0	chr10	114925000	115375000	0.7071067811865475	0.0
chr10	115425000	115950000	1.0	2.386983342366655	chr10	115375000	115925000	0.691662969499982	1.6142050228442189
chr10	120300000	120800000	0.9163162231961564	2.1672508671439865	chr10	120250000	120800000	1.0	1.3315141437165605
chr10	120800000	121325000	0.9166666666666666	6.009474080361755	chr10	120800000	121300000	1.0	5.241878309251196
chr10	122675000	123450000	0.8278815151329406	0.0	chr10	122650000	123450000	0.8358761692175258	0.0
chr10	124775000	125325000	0.8535533905932737	6.229972385112252	chr10	124775000	125350000	0.806831709611622	5.40973035386445
chr10	126775000	127425000	0.8432400654769225	2.898530850563238	chr10	126850000	127475000	0.9633883476483185	3.9525665409428026
chr10	127425000	128200000	0.9674831526764682	4.348078942927202	chr10	127475000	128225000	0.9633883476483185	3.947759653120912
chr10	132050000	133300000	0.7125687274615006	0.0	chr10	132000000	133300000	0.732300748008643	0.007195501404203767
chr11	1625000	2175000	0.8017766952966369	2.9533982860053833	chr11	1600000	2200000	0.7565156392636678	3.4968054327631544
chr11	4600000	5100000	0.9511844635310913	0.27137370674652345	chr11	4600000	5125000	0.9511844635310913	0.2871381981302025
chr11	8175000	8625000	1.0	0.026209879322848628	chr11	8150000	8625000	1.0	0.5945485495503543
chr11	16200000	16700000	0.8535533905932736	6.689089451248381	chr11	16000000	16700000	0.7925616045307005	5.73633427697511
chr11	20675000	22325000	0.6668875798468815	0.09085343045111348	chr11	20700000	22275000	0.650779868061411	0.0
chr11	22900000	23525000	0.7755854348872968	0.0	chr11	22875000	23550000	0.6881093751427892	0.0
chr11	26725000	27175000	0.882842712474619	0.023846741954367666	chr11	26725000	27175000	0.882842712474619	0.8573175345314282
chr11	27575000	28025000	0.9267766952966369	0.0	chr11	27675000	28125000	0.9414213562373096	5.836302883509771
chr11	29375000	30300000	0.7159993810492888	0.0	chr11	29400000	30300000	0.8375133945684974	0.0
chr11	38850000	40750000	0.5719698440036395	0.0	chr11	38875000	40225000	0.712674949094517	0.0
chr11	40750000	43300000	0.4255067532063075	0.0	chr11	40625000	43300000	0.39817236927051575	0.03562390973072122
chr11	43300000	43875000	0.8317900470858133	5.978043052341243	chr11	43300000	43875000	0.8317900470858133	4.790163837347936
chr11	44125000	44600000	1.0	1.4956951626240689	chr11	44125000	44575000	0.7203067944372926	0.0
chr11	45375000	45825000	0.7071067811865475	0.6384600492137811	chr11	45375000	45825000	0.7071067811865475	2.720278465233327
chr11	46375000	46850000	0.7011844635310913	5.36312726282903	chr11	46350000	46850000	0.8496019422142796	5.373841516580767
chr11	48200000	48925000	0.9080880229039762	0.0	chr11	48225000	48975000	0.89856710119095	0.0
chr11	48925000	50025000	0.6685267985331654	0.0	chr11	48975000	50025000	0.6423832502182559	0.0
chr11	60475000	60975000	0.8326324463923129	2.785027362235466	chr11	60475000	61025000	0.8744743347942345	3.3763424828046698
chr11	62650000	63200000	0.9267766952966369	0.004116108472231951	chr11	62650000	63150000	0.9163162231961564	0.0
chr11	75900000	76400000	1.0	4.188559175581363	chr11	75900000	76425000	0.9511844635310913	2.9130329999521414
chr11	76850000	77350000	0.804737854124365	5.948624207003737	chr11	76825000	77350000	1.0	3.827734356930985
chr11	77350000	77875000	0.9163162231961565	5.459779954645226	chr11	77350000	77800000	1.0	5.2420580310608775
chr11	77875000	78325000	0.8242640687119285	3.6574971004441106	chr11	77800000	78325000	0.8535533905932736	3.116863757690899
chr11	78325000	78825000	0.8326324463923129	0.0	chr11	78325000	78800000	0.882842712474619	0.0
chr11	83000000	83550000	0.9581581115980783	0.0	chr11	82975000	83550000	0.8901650429449554	4.424922088210688
chr11	83550000	84300000	0.8621678970289636	0.0	chr11	83550000	84325000	0.8420474583051322	0.0
chr11	86025000	86600000	0.9267766952966369	0.13531596451217093	chr11	86025000	86600000	0.9267766952966369	5.286881147788162
chr11	86600000	87050000	1.0	4.2299723851122515	chr11	86600000	87050000	1.0	1.5873649909364607
chr11	87050000	87800000	0.8592724864350674	0.0	chr11	87050000	87625000	0.5499719409228702	0.0
chr11	88275000	88775000	0.9023689270621825	0.0	chr11	88325000	88775000	0.7071067811865475	0.0
chr11	89875000	91000000	0.8235064259041462	5.476543706214257	chr11	89850000	90725000	0.9364530722563715	2.915042791371978
chr11	91000000	91900000	0.7794112549695427	0.0	chr11	90725000	91850000	0.7793927280677231	0.0
chr11	92950000	93550000	0.8734919064303392	5.417711894481196	chr11	92975000	93450000	0.9166666666666665	2.592955291474687
chr11	94675000	95525000	0.9682539682539681	4.325530331567558	chr11	94750000	95500000	0.9502541398050887	1.430285272977781
chr11	108900000	109750000	0.7857294709241727	0.0	chr11	108950000	109750000	0.7705053553118459	0.20163386116965043
chr11	110350000	111100000	0.8117115021913521	0.0	chr11	110550000	111100000	0.6565991539589369	0.8439838440483266
chr11	113675000	114150000	0.9267766952966369	2.9227687229171266	chr11	113700000	114150000	1.0	3.594548549550354
chr11	116125000	116600000	1.0	0.0	chr11	116150000	116600000	1.0	0.0
chr11	116600000	117075000	1.0	3.8872328029146126	chr11	116600000	117250000	0.7285533905932737	7.451411308681809
chr11	121500000	122425000	0.8736008494485872	0.0	chr11	121500000	122425000	0.8736008494485872	0.1505596765753814
chr11	126400000	126950000	1.0	0.0	chr11	126425000	126900000	1.0	2.6484654430273142
chr11	129200000	129675000	1.0	0.0	chr11	129250000	129700000	0.7071067811865475	0.0
chr11	130300000	130800000	0.8744743347942345	2.2218770810770336	chr11	130300000	130800000	0.8744743347942345	3.1314797361221647
chr11	130800000	131575000	0.8894894319740966	0.0	chr11	130800000	131525000	0.922985434560398	4.159871336778389
chr11	132900000	133750000	0.8698480531902895	0.0	chr11	132950000	133775000	0.8798097038856278	0.4462562298895641
chr12	1225000	1700000	0.9023689270621824	1.9927684307689242	chr12	1225000	1725000	0.9163162231961564	4.974529312483882
chr12	3950000	4425000	0.7071067811865475	3.977508904540139	chr12	3950000	4425000	0.7071067811865475	1.021479727410452
chr12	7325000	7775000	0.882842712474619	2.0435194936627425	chr12	7350000	7950000	0.934912618041455	0.05040495343724319
chr12	10350000	10925000	0.934912618041455	2.8698714061777126	chr12	10400000	10925000	0.8744743347942345	3.231823360012838
chr12	11675000	12200000	0.6962758206483151	1.837943241891027	chr12	11675000	12200000	0.6962758206483151	2.6241008946281146
chr12	16600000	17800000	0.826726737350409	0.0	chr12	16850000	17825000	0.8050437766875249	0.0
chr12	17800000	18325000	0.7907905579903909	0.0	chr12	17825000	18275000	0.8242640687119284	0.0
chr12	22875000	23325000	0.9414213562373096	0.0	chr12	22875000	23350000	0.9414213562373096	0.0
chr12	25575000	26225000	0.9707106781186547	0.09423606984576553	chr12	25600000	26225000	0.9444444444444444	2.211790976252541
chr12	29175000	29675000	0.8102378596455089	3.5224638354922546	chr12	29200000	29650000	0.8535533905932737	2.759422185696328
chr12	30975000	31425000	0.882842712474619	4.23783136909528	chr12	30975000	31450000	0.9511844635310913	2.7043186777608317
chr12	39650000	40125000	0.8888888888888888	2.9634741239748865	chr12	39650000	40100000	0.8333333333333334	0.11547721741993588
chr12	43000000	43775000	0.7591515564873421	0.0	chr12	42825000	43775000	0.6777417400749587	4.105594275795191
chr12	51775000	52250000	1.0	1.591360271919307	chr12	51775000	52275000	1.0	2.6769443591069124
chr12	54875000	55550000	0.9549395047979304	2.232660756790275	chr12	54875000	55525000	0.95	0.00480098626382128
chr12	55550000	56075000	0.9023689270621824	0.011495638837829439	chr12	55525000	56050000	1.0	0.0010301285984892238
chr12	56450000	57100000	0.9511844635310912	8.602316825774963	chr12	56450000	57075000	1.0	8.632601244525164
chr12	59525000	60400000	0.9527918940162216	0.0036022366801955253	chr12	59575000	60250000	0.8590533961144176	0.6870606883398922
chr12	60400000	60900000	0.7614223231766	0.0	chr12	60250000	60925000	0.7264595351060169	0.0
chr12	60900000	62575000	0.6553667806395093	0.0	chr12	60925000	62575000	0.657556017129534	0.0
chr12	65200000	65700000	0.9285714285714286	2.425817338032086	chr12	65200000	65650000	1.0	1.382667252745041
chr12	68625000	69200000	1.0	5.686803974807671	chr12	68675000	69200000	0.9414213562373096	4.283921772307617
chr12	72700000	74750000	0.5099764969507066	0.0	chr12	73100000	74975000	0.598739915214855	4.036063688743695
chr12	76975000	77425000	1.0	4.62862780216015	chr12	76950000	77450000	0.9581581115980783	5.438514651109277
chr12	82025000	82775000	0.9310839485144817	3.1832218240557704	chr12	81750000	82725000	0.8333319219987575	0.1309308698264487
chr12	89375000	89900000	1.0	0.13750352374993502	chr12	89400000	89925000	1.0	3.2703420526802316
chr12	89900000	90475000	0.9023689270621824	2.928133407829853	chr12	89925000	90525000	0.9414213562373096	2.782408564927373
chr12	90475000	91325000	0.8495388310281473	0.0	chr12	90525000	91325000	0.8086295279304698	0.0
chr12	92550000	93075000	0.8894427190999916	0.0	chr12	92550000	93075000	0.8894427190999916	0.0
chr12	93400000	93850000	0.9414213562373095	7.472447154476553	chr12	93375000	93850000	1.0	5.321386982782167
chr12	94925000	95425000	1.0	6.534653055877459	chr12	94900000	95425000	0.8535533905932736	5.268003886402516
chr12	96925000	97400000	0.8535533905932737	4.296824458649369	chr12	96950000	97425000	1.0	2.6870606883398924
chr12	97775000	98800000	0.696579845004931	0.0	chr12	97775000	98800000	0.696579845004931	0.0
chr12	99425000	100350000	0.8288142405001877	0.0	chr12	99475000	100125000	0.9267766952966369	0.0
chr12	101750000	102300000	1.0	4.597871653319754	chr12	101775000	102525000	0.9655419742572409	4.007688876156794
chr12	103250000	103975000	0.9633883476483185	0.010779838753242761	chr12	103225000	103925000	0.9210305136428513	0.0
chr12	103975000	104550000	0.8830237328333286	6.05702900342353	chr12	103925000	104550000	0.8994933809999924	5.836274826975653
chr12	104775000	105450000	0.9	3.2013724796958147	chr12	104775000	105475000	0.9166666666666666	2.251466630440491
chr12	106100000	106575000	0.7071067811865475	0.0	chr12	106100000	106600000	0.8535533905932736	1.9781956296816519
chr12	106575000	107325000	0.926776695296637	1.8028825122444214	chr12	106600000	107450000	0.9436298936198494	4.80577611078674
chr12	110300000	110825000	0.867851130197758	4.529508641074313	chr12	110325000	110850000	1.0	5.647273387793577
chr12	113875000	114400000	0.882842712474619	0.1309308698264487	chr12	113900000	114400000	0.7071067811865475	0.007195501404203767
chr12	121000000	121450000	1.0	4.477908569457945	chr12	120975000	121450000	0.8535533905932737	4.001158842970782
chr13	21025000	21500000	1.0	2.9844070653106143	chr13	21050000	21500000	0.9023689270621825	2.4467855621431225
chr13	26100000	26700000	0.9444444444444444	0.0	chr13	26000000	26700000	0.9433647700847534	0.0024024902153046133
chr13	28875000	29400000	1.0	4.624685810525398	chr13	28850000	29400000	1.0	3.8315394921462613
chr13	32400000	32875000	0.8242640687119285	0.12432813500220179	chr13	32425000	32900000	0.8242640687119285	1.1385960607509467
chr13	34500000	35775000	0.7004500345438018	0.021479727410451396	chr13	34400000	35750000	0.7517992393255505	0.5008020530571576
chr13	35775000	36475000	0.8197580191917215	0.0	chr13	35750000	36550000	0.7914505500267316	0.4329594072761063
chr13	36875000	37325000	0.9267766952966369	3.0085406717029533	chr13	36875000	37350000	0.882842712474619	2.78972925137577
chr13	37675000	38175000	0.8535533905932736	0.007195501404203767	chr13	37625000	38200000	0.9633883476483185	4.271649772457207
chr13	40575000	41325000	0.9804737854124366	0.3868109464722168	chr13	40600000	41275000	0.8806260658115097	0.017921907997262315
chr13	42250000	42875000	1.0	3.545968369105293	chr13	42250000	42850000	1.0	1.9228321394775403
chr13	45050000	45550000	0.8030457633656631	4.457791260256042	chr13	45050000	45550000	0.8030457633656631	5.22901103701185
chr13	58150000	59900000	0.6012581162232975	0.0	chr13	58125000	59900000	0.594738268197088	0.0
chr13	63675000	64400000	0.7948446513295125	0.0	chr13	63675000	64700000	0.7646031429233766	0.0
chr13	65050000	66225000	0.8001883271305346	0.0	chr13	65050000	66225000	0.8001883271305346	0.0
chr13	66225000	67275000	0.6927886576099527	0.0	chr13	66225000	67275000	0.6927886576099527	0.0
chr13	67275000	67825000	0.9267766952966369	0.31614574229335635	chr13	67275000	67825000	0.9267766952966369	1.6016965164809573
chr13	71175000	71850000	0.8401605638194518	0.0	chr13	71150000	71825000	0.9098790095958608	0.0
chr13	71850000	72575000	0.8055679560328757	0.04264433740849372	chr13	71825000	72500000	0.8434433619633036	0.007195501404203767
chr13	73800000	74325000	0.7071067811865475	0.0	chr13	73600000	74300000	0.7698696137894301	2.795974694206668
chr13	77100000	77575000	1.0	1.7935491225325737	chr13	77075000	77575000	1.0	1.5688428353578792
chr13	77575000	78125000	0.9267766952966369	2.861624584585725	chr13	77575000	78300000	0.9158950235429066	2.51127826508303
chr13	80200000	81075000	0.9490620489020083	2.643856189774725	chr13	80200000	80975000	0.9450825214724776	5.170325694415556
chr13	84600000	85450000	0.7724161427962886	0.0	chr13	84450000	85400000	0.6775000846931384	0.04963076772460043
chr13	85450000	86425000	0.726708173283702	0.0	chr13	85400000	86425000	0.7135290221743738	0.5704629310260411
chr13	87475000	87950000	0.7071067811865475	0.0	chr13	87475000	87975000	0.6699791832313203	0.0
chr13	90425000	91675000	0.6558836462585944	0.0	chr13	90600000	91650000	0.7393851783694907	0.0
chr13	91675000	92500000	0.9414213562373095	0.04264433740849372	chr13	91650000	92450000	0.9537537022926128	0.3103401206121505
chr13	94000000	95000000	0.7432753512425267	0.0	chr13	93850000	95050000	0.8055886252050687	2.9754467656409624
chr13	96125000	96675000	0.9581581115980783	2.1333991254171982	chr13	96125000	96725000	1.0	3.2700305160358436
chr13	96675000	97650000	0.680115257334084	2.386351123347722	chr13	96725000	97650000	0.6727834479187395	0.0
chr13	107825000	108500000	0.8879788139060335	0.0	chr13	107825000	108300000	0.565685424949238	0.0
chr13	113100000	113575000	0.8888888888888888	2.2816982500988297	chr13	113125000	113575000	0.8242640687119285	2.3019533951260964
chr14	19425000	20150000	0.8183760480164098	0.010779838753242761	chr14	19450000	20125000	0.6931082800065886	0.0
chr14	21100000	21625000	0.7894427190999915	3.3934946525796086	chr14	21150000	21625000	0.6421309914033507	2.4483723946120537
chr14	22075000	22700000	0.7949747468305832	0.0	chr14	22050000	22525000	0.5303300858899106	0.0
chr14	24450000	24950000	0.8153009687409354	3.84213659498155	chr14	24425000	24950000	0.8333333333333333	4.29127291690532
chr14	29175000	29625000	0.882842712474619	0.5084286525318571	chr14	29150000	29725000	0.8901650429449552	0.007195501404203767
chr14	30000000	30475000	1.0	0.0	chr14	30000000	30450000	1.0	0.0
chr14	34275000	34775000	1.0	0.0	chr14	34275000	34775000	1.0	0.0
chr14	35025000	35575000	0.8901650429449552	4.523561956057013	chr14	35025000	35550000	0.8744743347942345	5.133111379763936
chr14	39500000	39950000	1.0	4.062154099633352	chr14	39500000	39950000	1.0	4.008932776897898
chr14	39950000	41700000	0.6119581127112644	0.0	chr14	39950000	42050000	0.5408404805017658	0.0
chr14	44025000	45325000	0.7232834196225234	0.0	chr14	43500000	45325000	0.6085116041690027	0.0
chr14	45325000	45775000	0.7071067811865475	4.068793629806269	chr14	45325000	45800000	0.8535533905932737	2.9301966479506776
chr14	45775000	50025000	0.19520919804313386	0.0036022366801955253	chr14	45800000	49700000	0.23484786102274305	0.0036022366801955253
chr14	51750000	52250000	0.7258400327199659	0.5459683691052926	chr14	51725000	52200000	0.9511844635310913	7.215193216580846
chr14	57875000	58550000	0.9511844635310913	0.0	chr14	57900000	58600000	0.8448876517675851	0.0036022366801955253
chr14	58950000	59550000	1.0	0.10433665981473553	chr14	58925000	59550000	1.0	2.237257770900372
chr14	61750000	62325000	0.8771585767777684	2.5816525304612763	chr14	61800000	62300000	1.0	4.20124177119825
chr14	62650000	63800000	0.7402251626950558	0.33055840003080245	chr14	62650000	63550000	0.8008326112068522	0.0
chr14	64800000	65475000	0.7368020865189377	3.6587011405370893	chr14	64800000	65525000	0.7566110764286752	3.058440199345745
chr14	67825000	68300000	0.8242640687119285	5.282168896441592	chr14	67850000	68300000	1.0	3.38925391024093
chr14	72225000	72925000	0.853962241308869	0.0	chr14	72275000	72925000	0.9707106781186547	0.0
chr14	77600000	78150000	0.9166666666666667	3.998299670113734	chr14	77600000	78275000	0.9390082139374268	4.241499014156784
chr14	82450000	83750000	0.6893121276552653	0.0	chr14	82375000	83750000	0.6767761377274252	0.0
chr14	91925000	92425000	0.8867295401695068	2.6535186707536	chr14	91950000	92575000	1.0	3.493958352290633
chr14	103475000	104000000	0.9210305136428512	6.326814668019235	chr14	103475000	103975000	0.9023689270621824	5.375456535876662
chr14	104525000	105150000	0.85	0.02290040211007883	chr14	104550000	105125000	1.0	0.005759269288684953
chr14	106000000	106475000	1.0	0.16992500144231237	chr14	105975000	106475000	0.7788854381999831	1.7147950111181625
chr15	25750000	26225000	0.9511844635310913	0.0	chr15	25750000	26225000	0.9511844635310913	3.4600872401168328
chr15	26500000	27100000	0.8576783947341315	0.0	chr15	26525000	27100000	0.6794077641247099	0.0
chr15	28875000	29375000	0.9511844635310911	3.683696454306516	chr15	28875000	29400000	1.0	3.086189313104476
chr15	29375000	29925000	0.7768725685582909	2.4613975899261584	chr15	29400000	29950000	0.8093592167691145	2.7021034066293876
chr15	29925000	30600000	0.9390082139374267	3.056583528366368	chr15	29950000	30450000	0.8535533905932737	3.254241287375788
chr15	32925000	33550000	0.9414213562373095	0.06809751638340833	chr15	32900000	33500000	0.8238015069303438	7.282694626498757
chr15	33550000	34000000	1.0	0.0	chr15	33500000	34000000	1.0	0.0
chr15	37450000	38225000	0.9330251269337091	0.0	chr15	37450000	38225000	0.9330251269337091	0.007195501404203767
chr15	38225000	38700000	0.8535533905932736	2.1210154009613658	chr15	38225000	38700000	0.8535533905932736	2.140778655782796
chr15	39375000	39900000	0.8242640687119285	0.20163386116965043	chr15	39425000	39875000	0.9267766952966369	8.969357739109224
chr15	41175000	41675000	1.0	5.154868729042667	chr15	41175000	41675000	1.0	4.090059475755554
chr15	41675000	42175000	0.882842712474619	3.521992956401672	chr15	41675000	42175000	0.882842712474619	2.6620155588935654
chr15	43625000	44125000	1.0	5.761189220531185	chr15	43650000	44100000	0.882842712474619	6.98037167574478
chr15	48600000	49100000	1.0	5.002364982057156	chr15	48625000	49125000	1.0	5.3688556343879315
chr15	49725000	50375000	0.8779611588277281	4.636044526028037	chr15	49750000	50375000	0.8668667187211581	3.086613947409496
chr15	51225000	51750000	1.0	0.1505596765753814	chr15	51250000	51800000	0.9163162231961565	0.04730571477835682
chr15	53075000	55450000	0.46726353986775965	0.0	chr15	53100000	55425000	0.5042967611744646	0.0
chr15	58500000	59200000	0.9549395047979304	6.334854269331632	chr15	58500000	59175000	0.9511844635310913	3.391217807602897
chr15	59450000	59975000	0.8157378651666526	4.348090749377039	chr15	59425000	59975000	0.9163162231961566	2.3276873641760476
chr15	59975000	60575000	0.9447213595499957	3.9037613651280774	chr15	59975000	60600000	0.9467466874884631	3.858229714211179
chr15	60850000	61425000	1.0	0.0	chr15	60825000	61400000	0.9267766952966369	0.0
chr15	61425000	62125000	0.8554861802738187	0.0	chr15	61400000	62125000	0.9015228816828316	2.2539892662307865
chr15	63375000	63950000	0.8446148857984959	4.302841255696595	chr15	63375000	63925000	0.8420610272857023	5.076662922830796
chr15	63950000	64425000	1.0	6.034358797807936	chr15	63925000	64400000	0.8242640687119285	4.4419481905033615
chr15	69300000	69750000	1.0	8.276694389897623	chr15	69275000	69775000	0.8590533961144176	8.314906072766782
chr15	77225000	77850000	1.0	5.2849859967963075	chr15	77225000	77850000	1.0	5.489526879919219
chr15	79100000	79600000	0.9023689270621824	6.806220930398965	chr15	79150000	79600000	1.0	2.1037773672933335
chr15	80100000	80550000	0.8535533905932737	5.086162769310084	chr15	80125000	80700000	0.817555014314985	3.3621191667256576
chr15	80550000	81250000	0.9372371673971174	0.07860983469636647	chr15	80700000	81300000	0.9707106781186547	3.6009040445901777
chr15	84300000	84775000	0.882842712474619	0.014355292977070055	chr15	84275000	84775000	0.9163162231961564	0.014355292977070055
chr15	85750000	86425000	0.9279187982896862	0.1309308698264487	chr15	85750000	86400000	0.7904327719278532	2.7186356162713383
chr15	86425000	87850000	0.6886265758920235	0.0	chr15	86400000	88150000	0.5850802397672977	0.0
chr15	96900000	97825000	0.7495822700644303	0.07724299893246035	chr15	96900000	97825000	0.7495822700644303	0.0
chr15	97825000	98375000	0.9267766952966369	0.0	chr15	97825000	98375000	0.9267766952966369	0.0
chr15	99775000	100325000	0.8571428571428572	1.777306985883865	chr15	99800000	100350000	1.0	1.7520349158838546
chr15	100325000	100900000	0.9511844635310913	0.02856915219677092	chr15	100350000	101125000	0.8915970870936901	0.02856915219677092
chr16	1325000	1800000	0.9511844635310913	4.387069532589274	chr16	1375000	1825000	1.0	4.322569150237119
chr16	3050000	3625000	0.7439104641214608	2.6826165118645253	chr16	3075000	3575000	1.0	3.19123305506115
chr16	3975000	4475000	0.9511844635310913	4.086708293617612	chr16	3975000	4475000	0.9511844635310913	4.0971893872351135
chr16	4725000	5225000	0.8102378596455088	3.200849574637213	chr16	4725000	5175000	0.8333333333333334	3.4635788649726043
chr16	9275000	10300000	0.8738581944301391	0.0	chr16	9275000	10550000	0.8673911439478685	0.6765683145222499
chr16	11450000	11925000	0.7414213562373095	3.5687617827979046	chr16	11450000	11900000	0.9267766952966369	5.463099267348104
chr16	15850000	16350000	0.9023689270621824	4.6953257440815745	chr16	15800000	16375000	0.8535533905932736	4.596100283910149
chr16	19925000	20375000	0.8535533905932737	0.0	chr16	19950000	20400000	0.9414213562373095	0.0
chr16	21425000	21900000	1.0	4.66596118641542	chr16	21425000	21925000	0.5324388287932569	3.993312057619879
chr16	22550000	23100000	0.8535533905932737	0.0	chr16	22575000	23100000	0.8047378541243649	0.0
chr16	24825000	25300000	0.9511844635310913	2.8945267702573947	chr16	24850000	25300000	1.0	3.616004744079728
chr16	25300000	25900000	0.8372815451036375	0.0	chr16	25300000	25825000	0.8047378541243649	0.0
chr16	25900000	27125000	0.7662119504946596	0.0	chr16	25825000	27150000	0.6691229963461274	0.0
chr16	27500000	28150000	0.8746654857781493	2.7008095925286812	chr16	27525000	28125000	0.8901650429449554	3.872828759534886
chr16	48225000	48700000	0.9267766952966369	3.7128708676899054	chr16	48250000	48700000	0.9414213562373096	3.0817230906448754
chr16	48700000	49400000	0.9163162231961564	0.0	chr16	48700000	49425000	0.9046796083845573	0.0
chr16	49400000	50000000	0.9414213562373095	0.0	chr16	49425000	50025000	0.934912618041455	0.11769504266975458
chr16	51225000	51825000	0.8409482154510667	0.0	chr16	51125000	51775000	0.8729061445127431	2.0
chr16	52125000	53025000	0.882842712474619	0.0	chr16	52100000	53025000	0.7536670743432536	0.0
chr16	55925000	56375000	0.7885800941716263	0.056583528366367514	chr16	55925000	56400000	0.9511844635310911	0.03562390973072122
chr16	68375000	68900000	1.0	1.3972553455944274	chr16	68350000	68875000	0.8326324463923127	1.0925457415435653
chr16	69750000	70275000	0.9210305136428512	4.562242424221073	chr16	69750000	70325000	0.9267766952966369	4.79556350041762
chr16	70875000	71400000	0.6481812160876685	2.6561149574538807	chr16	70850000	71375000	0.6363961030678926	1.8953026213333066
chr16	73275000	73975000	0.7428349422686447	0.0	chr16	73350000	74000000	0.738663419223244	0.0
chr16	75800000	77225000	0.7573511689879396	2.1932460756769316	chr16	75775000	77200000	0.7534342725546335	0.0
chr16	87975000	88550000	1.0	1.747029277510904	chr16	88000000	88550000	1.0	2.5861642459309095
chr17	7550000	8000000	0.9023689270621825	2.884380843794216	chr17	7525000	8025000	1.0	4.346460545271257
chr17	10775000	12075000	0.7045646934777094	2.202417721575182	chr17	10800000	11875000	0.8054113160049351	0.0036022366801955253
chr17	12075000	12625000	1.0	0.007195501404203767	chr17	12050000	12650000	1.0	2.8257856274647914
chr17	14175000	14800000	0.8025842840678353	1.424922088210688	chr17	14200000	14850000	0.8434433619633036	1.4776773275653072
chr17	17575000	18025000	0.8333333333333334	3.7345741495425244	chr17	17575000	18025000	0.8333333333333334	3.714795011118162
chr17	29150000	29700000	0.9078689325833263	3.13856875740703	chr17	29125000	29725000	0.9163162231961565	1.694576328921727
chr17	32750000	33225000	0.9414213562373096	0.0	chr17	32750000	33275000	0.790790557990391	0.0036022366801955253
chr17	34150000	34850000	0.9385792883888842	2.458537108921203	chr17	34175000	34850000	0.6108058171780211	1.2911748861982952
chr17	34850000	35475000	0.9467466874884631	5.243065148058767	chr17	34850000	35375000	1.0	3.799383395359987
chr17	36900000	37375000	0.7181067922288351	8.106786386108409	chr17	36900000	37375000	0.7181067922288351	7.877975432553598
chr17	37675000	38125000	0.882842712474619	3.467757690690206	chr17	37675000	38125000	0.882842712474619	3.5487243129698527
chr17	41400000	41925000	0.867851130197758	2.9072111588896705	chr17	41425000	41900000	0.8242640687119284	3.231454352413482
chr17	53950000	54550000	0.7982747501432694	0.021479727410451396	chr17	54125000	54575000	0.630864075337301	0.007195501404203767
chr17	61925000	62425000	0.882842712474619	2.7530404478512103	chr17	61900000	62475000	0.8326324463923127	3.698440756175842
chr17	63650000	64200000	0.9267766952966369	0.02856915219677092	chr17	63550000	64200000	0.9023689270621826	0.8196681834964556
chr17	64200000	64650000	1.0	3.3416300093299105	chr17	64200000	64675000	0.9023689270621824	3.848998430400023
chr17	67525000	68175000	0.8729061445127431	0.0	chr17	67550000	68175000	0.8305415260169906	0.17951105027151046
chr17	68175000	68625000	0.882842712474619	0.0	chr17	68175000	68650000	0.9023689270621824	0.0
chr17	70600000	71175000	1.0	2.180307019969433	chr17	70550000	71225000	1.0	3.3736482113346904
chr17	71400000	72200000	0.816103015701069	8.846877193769211	chr17	71425000	72175000	0.8680679560328757	0.02856915219677092
chr18	2100000	2550000	1.0	0.0	chr18	2050000	2575000	0.9581581115980783	2.655924213083815
chr18	4075000	5050000	0.8590714142081313	0.14404636961670686	chr18	4100000	5100000	0.892036879300474	0.04963076772460043
chr18	8600000	9150000	0.9285714285714286	6.556141982100723	chr18	8600000	9075000	1.0	4.278170649631172
chr18	10000000	10500000	0.8744743347942345	0.0	chr18	9975000	10550000	1.0	2.346956889378885
chr18	11600000	12050000	1.0	3.074034394212556	chr18	11625000	12100000	0.8535533905932737	2.7888944791604415
chr18	27875000	28525000	0.8535533905932737	0.0	chr18	27925000	28550000	0.8136134062096212	0.0
chr18	28525000	29400000	0.974531024451004	2.6644828403646827	chr18	28550000	29350000	0.9999999999999999	0.19723635491870653
chr18	30175000	30775000	1.0	0.0	chr18	30150000	30750000	1.0	0.0
chr18	33900000	34500000	0.9121320343559642	7.4836948759660125	chr18	33900000	34425000	0.7821248191647023	6.4555738137657
chr18	39600000	41175000	0.6488814000176584	0.0	chr18	39925000	41125000	0.8009283926500322	0.0
chr18	43175000	43700000	0.8373467368390076	6.245267466519512	chr18	43175000	43700000	0.8373467368390076	6.048032696421802
chr18	43700000	44275000	0.9581581115980783	2.3589588258323295	chr18	43700000	44300000	0.7890593302429405	1.578536231561723
chr18	44825000	45300000	1.0	0.0	chr18	44825000	45275000	1.0	0.0
chr18	54700000	55225000	0.7788854381999831	0.269033146455237	chr18	54725000	55250000	0.7165353620799368	0.00480098626382128
chr18	59825000	60275000	0.7236067977499789	3.140983104878425	chr18	59850000	60325000	0.9414213562373096	2.2637856138908026
chr18	60675000	61175000	0.9078689325833263	2.6811681204166913	chr18	60675000	61125000	0.8535533905932737	3.2398053524221377
chr18	61175000	61675000	1.0	0.01934608880481197	chr18	61125000	61700000	1.0	3.141150359863612
chr18	61675000	64000000	0.5053850967364737	0.0	chr18	61700000	64825000	0.3422086184172927	0.0
chr18	64875000	66425000	0.6243945366764319	3.2672860888442448	chr18	65175000	66375000	0.8067282054506228	3.3448284969974416
chr18	66425000	66950000	0.6479334151332482	0.0	chr18	66375000	67075000	0.8153009687409354	2.1009776477248208
chr18	68175000	70350000	0.5108822395949454	0.009586048829197932	chr18	68525000	70325000	0.5848340129105305	0.0036022366801955253
chr18	75850000	76750000	0.7984062043356595	0.0	chr18	75850000	76750000	0.7984062043356595	0.0
chr19	550000	1000000	0.6666666666666666	4.683402986310965	chr19	550000	1000000	0.6666666666666666	5.372041897667668
chr19	5075000	5675000	1.0	7.101324407741125	chr19	5075000	5650000	1.0	4.160879861839306
chr19	6450000	6900000	1.0	3.3412741836921747	chr19	6450000	7050000	0.8576783947341315	2.1861462909815166
chr19	8675000	9225000	1.0	2.3402061799117124	chr19	8700000	9225000	1.0	1.0908534304511135
chr19	9225000	9675000	0.882842712474619	2.6481999244766636	chr19	9225000	9675000	0.882842712474619	1.4497137371051545
chr19	10550000	11000000	0.700191746523308	5.0669195008626495	chr19	10550000	11000000	0.700191746523308	4.709842019273311
chr19	12275000	12775000	0.9581581115980782	1.6634205287102863	chr19	12250000	12750000	0.7324045318333192	0.8508883028101398
chr19	13325000	13925000	0.8305415260169907	4.739082997919494	chr19	13350000	13925000	0.8372815451036374	5.430229509104752
chr19	17425000	18000000	0.8093592167691145	5.789442352904265	chr19	17425000	18000000	0.8093592167691145	6.114934370654738
chr19	18525000	19100000	0.8120711948192234	6.764442122124695	chr19	18525000	19050000	0.8744743347942345	7.142597802228891
chr19	20675000	21150000	0.875	1.332707933640605	chr19	20675000	21125000	1.0	0.9202933002110071
chr19	28400000	28875000	0.882842712474619	0.0	chr19	28350000	28900000	1.0	0.0
chr19	30600000	31175000	0.8825825214724776	0.0	chr19	30600000	31150000	0.7316171919370918	0.0
chr19	36050000	36725000	0.8607022603955158	4.803771589293306	chr19	36150000	36675000	0.9166666666666666	5.150579329545281
chr19	39450000	39925000	0.9414213562373096	3.492093525467951	chr19	39450000	39925000	0.9414213562373096	3.7383287476205096
chr19	45400000	45925000	0.9078689325833262	3.7785029739179112	chr19	45450000	45925000	1.0	3.5231138445327113
chr19	46275000	46800000	0.882842712474619	2.8773978229955093	chr19	46325000	46800000	0.7071067811865475	2.4226470328399685
chr19	47925000	48375000	1.0	4.931210274803932	chr19	47775000	48300000	0.7967578214722152	5.0546815351144945
chr19	48375000	48825000	0.7071067811865475	5.051372101721026	chr19	48300000	48750000	0.882842712474619	1.8663145613770473
chr19	51850000	52350000	0.6380711874576983	2.8328393923980077	chr19	51750000	52350000	0.9267766952966369	2.333548184451246
chr19	54950000	55400000	1.0	1.691928218285575	chr19	54975000	55575000	0.9121320343559642	1.0915305931206163
chr2	12275000	12875000	0.9121320343559642	4.2861418728343015	chr2	12325000	12850000	0.9511844635310911	0.0
chr2	17000000	18025000	0.9097549395205212	3.4039493642328646	chr2	17000000	17950000	0.8558244038653933	1.054269662528121
chr2	20100000	20550000	1.0	5.119065616559755	chr2	20100000	20550000	1.0	5.737551570008282
chr2	24625000	25075000	1.0	5.404573919839926	chr2	24625000	25100000	0.9023689270621824	3.7848529235627564
chr2	25450000	25975000	0.8326324463923127	1.7376867614098603	chr2	25475000	26025000	0.7361359120657515	2.0107798387532427
chr2	30350000	30925000	0.934912618041455	4.063502942306158	chr2	30375000	30950000	0.8618033988749895	5.6121313000134325
chr2	36075000	36550000	0.5514401255621684	0.0	chr2	35900000	36525000	0.7475322105223733	0.0
chr2	39050000	39525000	0.9023689270621824	3.0967678547146886	chr2	39025000	39525000	1.0	2.2143838868011305
chr2	39525000	40050000	0.9511844635310913	3.8504994137581208	chr2	39525000	40050000	0.9511844635310913	2.324810603420484
chr2	43025000	43475000	1.0	2.931683057059806	chr2	43025000	43475000	1.0	3.7489978500981485
chr2	44625000	45200000	1.0	0.0	chr2	44650000	45175000	1.0	0.0
chr2	45200000	45800000	0.9674563090207275	0.0	chr2	45175000	45800000	0.882842712474619	0.007195501404203767
chr2	47150000	47600000	1.0	6.581125243402217	chr2	47150000	47600000	1.0	7.25104444655739
chr2	49175000	50725000	0.587363665877976	0.0	chr2	49600000	50700000	0.7134759623722908	0.0
chr2	55875000	56400000	1.0	4.382667252745041	chr2	55875000	56400000	1.0	6.048759311919856
chr2	56400000	57850000	0.7463466067465795	0.0	chr2	56400000	57900000	0.6637619388805832	0.8519988371124463
chr2	62150000	62650000	0.8333333333333333	4.377817853083645	chr2	62125000	62650000	1.0	1.9088129077395473
chr2	63350000	63800000	0.8157378651666526	0.0	chr2	63300000	63800000	0.882842712474619	0.0
chr2	66850000	67500000	0.7946278254943948	0.0	chr2	66650000	67450000	0.8118221685504604	5.238786859587116
chr2	69550000	70100000	0.9023689270621824	3.639810977716776	chr2	69600000	70075000	1.0	4.086613947409496
chr2	73875000	74425000	0.9633883476483185	5.596363714050453	chr2	73975000	74425000	0.9414213562373096	6.059418210070396
chr2	75925000	78300000	0.44490680097734514	3.5825560030140613	chr2	75950000	77750000	0.5958562138453766	0.0
chr2	84625000	85175000	1.0	6.176522246548957	chr2	84625000	85175000	1.0	9.680588085974588
chr2	85875000	86350000	1.0	4.681870879961441	chr2	85850000	86375000	0.6944895939818647	3.0789513413948217
chr2	101975000	102525000	0.9163162231961564	3.454998363444033	chr2	101900000	102525000	0.8432400654769225	4.022190239634066
chr2	103425000	105525000	0.4915198686174186	0.0	chr2	103475000	105475000	0.5582247254568766	0.0
chr2	106175000	106675000	0.9163162231961564	2.1342209397606333	chr2	106200000	106675000	1.0	4.076388068512841
chr2	107200000	108175000	0.7188082850947819	0.0	chr2	107225000	108100000	0.7791775801127041	0.0
chr2	108850000	109450000	0.8707106781186547	4.262067991792372	chr2	108800000	109425000	0.8462400684884557	2.8690253334093203
chr2	114775000	118525000	0.2290327337594021	0.0	chr2	114775000	118500000	0.23776507276053896	0.0
chr2	120450000	120950000	0.9078689325833262	3.9167154814618343	chr2	120400000	121025000	0.7979978350377182	3.5361772651418764
chr2	123075000	124750000	0.7263833221009788	0.0	chr2	122550000	124725000	0.50253444385098	0.0
chr2	129000000	129525000	0.9511844635310913	1.1699250014423124	chr2	129050000	129550000	0.8373467368390075	4.603477988254004
chr2	129525000	130850000	0.7853504874967026	0.007195501404203767	chr2	129550000	130725000	0.8457514100082031	0.0
chr2	131975000	132600000	0.796023729152566	4.299129502234935	chr2	132125000	132625000	0.9581581115980783	4.047102094254671
chr2	135200000	135700000	0.9511844635310911	2.9259994185562235	chr2	135225000	135700000	0.882842712474619	1.3476656563009706
chr2	136550000	137175000	0.7679285086818143	6.172602521691461	chr2	136575000	137225000	0.8154320376686506	3.5299770739073324
chr2	137175000	138625000	0.686994142592554	0.0	chr2	137225000	138575000	0.7096371143512293	0.0
chr2	139100000	139600000	0.8535533905932736	1.6553518286125541	chr2	139175000	139625000	0.9267766952966369	1.2387868595871165
chr2	147775000	148675000	1.0	0.7990873060740036	chr2	147875000	148700000	0.9560660171779821	1.0531113364595626
chr2	152375000	152875000	0.9511844635310913	5.062747745782185	chr2	152375000	152875000	0.9511844635310913	2.8293421939028027
chr2	152875000	153600000	0.823129244452879	5.933006023719125	chr2	152875000	153575000	0.8488872235332876	3.8186460828225397
chr2	153600000	154400000	0.8672141580658405	0.0	chr2	153575000	154450000	0.8763849673692339	4.216842842837263
chr2	154400000	156200000	0.6452356019145716	0.0	chr2	154450000	156150000	0.6063845047804528	0.007195501404203767
chr2	156200000	157150000	0.7298248820550057	0.0	chr2	156150000	157150000	0.7610295871855308	0.0
chr2	157450000	158125000	0.8554861802738187	5.3414521074811265	chr2	157475000	158150000	0.9044627825494396	4.359661722333878
chr2	160050000	160650000	1.0	4.570058077637419	chr2	160075000	160650000	0.9633883476483185	3.747387399652718
chr2	170325000	170775000	0.9414213562373096	5.83602739573409	chr2	170275000	170775000	0.9023689270621824	3.18536201827668
chr2	176525000	176975000	0.7071067811865475	2.36667191611176	chr2	176525000	176975000	0.7071067811865475	1.43340461482196
chr2	177550000	178000000	0.8017766952966369	0.0	chr2	177550000	178000000	0.8017766952966369	0.0
chr2	178950000	179550000	0.8734919064303392	4.022177554983795	chr2	178950000	179400000	1.0	3.467931546026287
chr2	180950000	181950000	0.7873627361471768	6.4198759304221955	chr2	180975000	181925000	0.7842039370241758	5.965322548367255
chr2	182900000	183525000	0.9467466874884632	0.33913738491958556	chr2	183025000	183550000	1.0	0.22650852980867975
chr2	189400000	189925000	0.9023689270621825	0.0	chr2	189375000	189875000	0.7536629600351639	6.783914954166059
chr2	191925000	192375000	1.0	0.03210084316702408	chr2	191900000	192375000	0.9078689325833262	4.04176864995163
chr2	198650000	199200000	0.792445289152528	2.665051614289214	chr2	198650000	199175000	0.8791886252409293	0.07382023329167138
chr2	202075000	202600000	1.0	2.9464635211159385	chr2	202075000	202600000	1.0	2.9300614438794588
chr2	202600000	203100000	1.0	1.8083850506560932	chr2	202600000	203100000	1.0	4.235727059838059
chr2	205150000	205700000	0.7803300858899106	0.09085343045111348	chr2	205150000	205625000	0.7071067811865475	1.4409521980296367
chr2	207925000	208400000	0.9023689270621824	4.309976492370556	chr2	207875000	208375000	1.0	3.9699332746978557
chr2	211125000	212900000	0.6197821785225233	4.028274453995177	chr2	211300000	212575000	0.6530476305648818	3.398145116504409
chr2	213500000	214075000	0.8888888888888888	0.20789285164133287	chr2	213475000	214125000	0.8662022659166597	1.1538053360790355
chr2	219025000	219475000	1.0	4.76007761170968	chr2	219000000	219500000	0.9166666666666667	5.447490188785921
chr2	222875000	223475000	0.9707106781186547	0.0	chr2	222900000	223475000	0.8630852169962632	0.0024024902153046133
chr2	225925000	226550000	0.949746690499996	0.014355292977070055	chr2	225975000	226525000	0.7809975726991487	0.0
chr2	226550000	227025000	0.7071067811865475	0.0	chr2	226525000	227050000	0.7071067811865475	0.0
chr2	230600000	231100000	0.7781733707857083	3.6333149530494016	chr2	230575000	231075000	0.8242640687119284	3.0669502439246275
chr2	232725000	233425000	0.8434433619633036	1.9012838067556344	chr2	232700000	233400000	0.9149559377692242	1.1276332797258741
chr2	235475000	236025000	0.7402829307627805	0.14404636961670686	chr2	235450000	236025000	0.8372815451036374	6.0083165637349865
chr2	236700000	237175000	0.8535533905932737	0.08633087176041962	chr2	236675000	237150000	1.0	0.01910882294770474
chr2	237175000	238000000	0.9853553390593274	4.0843477854813175	chr2	237150000	237975000	0.9860527038660261	0.0
chr2	238725000	239200000	0.9511844635310913	3.5449901834749236	chr2	238700000	239225000	1.0	3.4459507575291277
chr2	240975000	241425000	1.0	3.601866275266926	chr2	240925000	241425000	0.8744743347942345	5.666961684868824
chr20	4550000	5175000	0.9121320343559642	5.571544091696549	chr20	4650000	5175000	0.8242640687119284	5.084303489045709
chr20	7900000	8375000	1.0	1.8533303508579908	chr20	7925000	8425000	1.0	1.877744249949002
chr20	12050000	12850000	0.9152707630084953	0.0	chr20	12250000	12850000	0.7303300858899104	0.0
chr20	14075000	16150000	0.5244449043202919	0.0	chr20	14625000	16200000	0.7047963743753648	0.0
chr20	16775000	17450000	0.7830800886504825	0.007195501404203767	chr20	16750000	17450000	0.8448267308794382	0.0
chr20	17450000	18000000	0.9511844635310913	4.857939537777869	chr20	17450000	17975000	0.8157378651666526	5.655399535993088
chr20	21575000	22275000	0.7638098008496841	0.0	chr20	21575000	22275000	0.7638098008496841	0.0
chr20	31400000	31950000	0.9008883476483185	2.960465374102548	chr20	31425000	31950000	0.9163162231961564	0.00458310586759205
chr20	35100000	35575000	0.9023689270621824	4.520142832452191	chr20	35125000	35575000	1.0	6.37125875392897
chr20	37200000	37725000	0.8047378541243649	3.8194492228746473	chr20	37125000	37750000	0.8120711948192234	2.354734239970604
chr20	37900000	39300000	0.7127932340884306	0.0	chr20	37750000	39300000	0.6760694599678011	0.0
chr20	39575000	40025000	1.0	3.5529917947996354	chr20	39575000	40050000	0.7614223231766001	3.7956630633509603
chr20	40375000	41800000	0.6818321253127227	0.0	chr20	40350000	41775000	0.6901803144587433	0.0
chr20	50275000	50775000	0.8326324463923128	0.0874628412503394	chr20	50250000	50800000	0.7821248191647024	2.278728212938939
chr20	50775000	51600000	0.87315718533457	2.521050736900963	chr20	50800000	51750000	0.7713507229389495	2.5533605033353277
chr20	55125000	55625000	0.7071067811865475	0.04264433740849372	chr20	55125000	55600000	0.7071067811865475	0.03562390973072122
chr20	56175000	56775000	1.0	0.0	chr20	56175000	56775000	1.0	1.5168556335062533
chr20	58550000	59825000	0.7193239433989034	0.0	chr20	58800000	59850000	0.7602053055668027	1.6780719051126378
chr21	15600000	16200000	0.8734919064303392	5.400765609697969	chr21	15625000	16175000	1.0	2.0987339535853593
chr21	25925000	26875000	0.8194267931575122	0.0	chr21	25900000	26700000	0.9109810922827899	0.0
chr21	27600000	28175000	0.8169417382415922	0.0	chr21	27600000	28150000	0.8169417382415922	0.0
chr21	30800000	31275000	0.882842712474619	0.04963076772460043	chr21	30800000	31350000	0.9267766952966369	0.010779838753242761
chr21	32475000	33000000	1.0	0.02856915219677092	chr21	32450000	33025000	0.9674563090207275	1.4489009511451278
chr21	33000000	33675000	0.7996828398093798	6.747078524577042	chr21	33025000	33675000	0.7996828398093798	5.603121869839997
chr21	35275000	35725000	1.0	7.553437305754409	chr21	35275000	35725000	1.0	5.376038542716981
chr21	38525000	39050000	1.0	4.789468436941201	chr21	38550000	39025000	0.9511844635310913	3.4522000494062213
chr21	40075000	40525000	1.0	3.0143552929770703	chr21	40100000	40550000	1.0	3.881664619320345
chr21	41525000	42475000	0.7150384287110955	0.0	chr21	41175000	42475000	0.6623116040745649	0.0036022366801955253
chr21	42475000	42925000	1.0	0.024319679195412894	chr21	42475000	42950000	0.9023689270621824	2.330271553416697
chr22	26250000	26775000	0.7414213562373095	0.0	chr22	26200000	26775000	0.9581581115980783	0.0
chr22	27775000	28250000	0.882842712474619	0.02856915219677092	chr22	27750000	28225000	0.8047378541243649	0.9855004303048849
chr22	28400000	28975000	0.6782297605547043	0.0	chr22	28400000	28975000	0.6782297605547043	0.0
chr22	29225000	29700000	0.8535533905932737	5.20792537957191	chr22	29225000	29700000	0.8535533905932737	4.905808168366879
chr22	32400000	32875000	0.9267766952966369	4.657036533224192	chr22	32375000	32875000	1.0	3.744759103886077
chr22	33975000	35400000	0.7344906526690478	0.16992500144231237	chr22	34350000	35675000	0.7896774203679757	2.649040565634448
chr22	37925000	38400000	1.0	6.501100725010158	chr22	37950000	38400000	1.0	9.294312018175537
chr22	39950000	40400000	1.0	3.1081062236861294	chr22	39925000	40425000	0.9163162231961564	3.811984719351674
chr22	43850000	44300000	0.882842712474619	0.06350294230615795	chr22	43825000	44325000	0.9163162231961564	1.6205864104518777
chr3	3250000	4350000	0.746672332934735	3.0422065601206896	chr3	3250000	4300000	0.7438263879102675	0.32192809488736235
chr3	4725000	5275000	0.8744743347942345	4.9664304673062984	chr3	4700000	5300000	0.934912618041455	3.4506174237341494
chr3	12550000	13075000	0.7357022603955158	9.33697696757256	chr3	12550000	13075000	0.7357022603955158	7.864222263176712
chr3	15125000	15625000	0.9511844635310911	3.9964640731695225	chr3	14975000	15625000	0.9201200312326948	3.1218442978763763
chr3	17475000	17925000	0.75	0.0	chr3	17475000	17925000	0.75	0.0
chr3	24275000	24750000	0.9023689270621824	3.4154882710497008	chr3	24325000	24800000	0.9414213562373096	0.02856915219677092
chr3	24750000	25625000	0.777802578732418	0.5509006646475233	chr3	24800000	25650000	0.7755261123967526	0.40053792958372864
chr3	25950000	27150000	0.8209524134734669	0.16349873228287956	chr3	25975000	27100000	0.796878941300555	0.021479727410451396
chr3	27725000	28400000	0.8712211397410814	4.968551603363946	chr3	27775000	28400000	0.9154320376686506	3.87020030052335
chr3	33875000	34325000	0.882842712474619	0.0	chr3	33900000	34350000	0.9414213562373096	0.0
chr3	34800000	36000000	0.7744314528142019	0.0	chr3	34350000	36025000	0.6680180333645097	0.0
chr3	36000000	36750000	0.7969071533999414	0.007195501404203767	chr3	36025000	36725000	0.7678938895999332	0.2630344058337938
chr3	38525000	39075000	0.9267766952966369	1.87528859822269	chr3	38525000	39100000	0.9267766952966369	2.130601449790564
chr3	40175000	40625000	1.0	7.411581602781225	chr3	40175000	40625000	1.0	6.271696454818708
chr3	40625000	41375000	0.8055679560328758	7.183387261248876	chr3	40625000	41175000	0.9581581115980783	0.0
chr3	43825000	44275000	1.0	0.0	chr3	43825000	44300000	1.0	0.0
chr3	49050000	49500000	1.0	5.3221463809118	chr3	49075000	49525000	0.8333333333333334	6.321678784130402
chr3	50675000	51425000	0.8190042403120212	4.150153455246247	chr3	50675000	51425000	0.8190042403120212	5.300489844363109
chr3	53325000	53950000	0.9467466874884631	4.111198281319072	chr3	53350000	53975000	0.9060355974096117	3.1358631653686793
chr3	53950000	54450000	0.7071067811865475	0.0	chr3	53975000	54425000	0.7071067811865475	0.35049724708413316
chr3	56600000	57075000	1.0	4.517905553529951	chr3	56600000	57075000	1.0	3.008988783227255
chr3	58650000	59225000	0.9349126180414551	1.4356285940520908	chr3	58600000	59200000	0.9267766952966369	0.40053792958372886
chr3	60800000	61375000	0.8169417382415922	1.3617683594191534	chr3	60825000	61500000	0.9324092571968956	0.07724299893246035
chr3	62600000	63275000	0.7895728111794097	0.0	chr3	62625000	63250000	0.8121320343559643	0.0
chr3	64000000	64500000	1.0	4.713283400230739	chr3	63825000	64500000	0.9324092571968956	4.576748863876216
chr3	64500000	65350000	0.8229121747723789	1.144046369616707	chr3	64500000	65350000	0.8229121747723789	0.3840498067951597
chr3	67825000	69000000	0.7759013864581856	0.0	chr3	67900000	69025000	0.8154462624102224	0.021479727410451396
chr3	70075000	70525000	1.0	0.0	chr3	70050000	70525000	1.0	0.0
chr3	70525000	71025000	0.6204757192910176	0.0	chr3	70525000	71050000	0.8047378541243649	0.0
chr3	75250000	75700000	1.0	0.0	chr3	75225000	75750000	0.8	0.007195501404203767
chr3	77375000	78675000	0.7119819957583878	0.0	chr3	77425000	78675000	0.6917173631746545	0.0
chr3	86725000	87275000	1.0	0.0	chr3	86750000	87350000	0.9414213562373095	3.9847412369805775
chr3	98775000	99250000	0.7357022603955158	0.0	chr3	98750000	99200000	0.6551281440492296	0.0
chr3	101450000	101950000	0.8744743347942346	1.6855664416595617	chr3	101450000	101975000	0.9414213562373095	3.8603007074192868
chr3	105250000	106050000	0.9074074074074074	2.7676547982373467	chr3	105325000	106325000	0.8150247992322102	2.8021932169418253
chr3	108200000	108700000	0.9166666666666666	2.4508813152733686	chr3	108300000	108750000	1.0	1.6078629028312352
chr3	109400000	110050000	0.6330161731427132	0.0	chr3	109425000	110300000	0.8280688373305545	0.0
chr3	111800000	112275000	1.0	0.6968840908554546	chr3	111800000	112300000	1.0	2.6496154590634093
chr3	117250000	117725000	0.8535533905932737	0.0	chr3	117200000	117775000	0.8459708691207961	2.734438666137167
chr3	117725000	118550000	0.9659764942417511	0.0	chr3	117775000	118525000	0.882117516385414	0.0
chr3	120575000	121175000	0.8901650429449554	0.02856915219677092	chr3	120575000	121225000	0.8535533905932737	0.0
chr3	126775000	127275000	0.7071067811865475	0.0	chr3	126750000	127275000	0.7071067811865475	0.0
chr3	127275000	127825000	1.0	4.882503314261641	chr3	127275000	127800000	0.9166666666666667	5.543827265751505
chr3	129875000	130400000	1.0	1.838951766951943	chr3	129900000	130425000	0.9267766952966369	0.0
chr3	134500000	135750000	0.6777440613356954	0.32192809488736235	chr3	134550000	135600000	0.7682071051770734	0.0
chr3	136775000	137450000	0.9052128425358745	0.0	chr3	136800000	137725000	0.8387730383910443	0.0
chr3	146350000	147025000	0.7878954374707142	0.0	chr3	146350000	146850000	0.7614223231766001	0.0
chr3	148075000	148650000	0.7654541440584455	0.0	chr3	147850000	148625000	0.8205733804885784	0.5109619192773794
chr3	151125000	151675000	1.0	0.3936907641874537	chr3	151150000	151650000	1.0	0.007195501404203767
chr3	151675000	152175000	0.8242640687119285	4.999022844387499	chr3	151650000	152250000	0.8621320343559642	4.844904490661138
chr3	152175000	152700000	1.0	3.9800253002387342	chr3	152250000	152700000	1.0	0.007195501404203767
chr3	154600000	155075000	0.8242640687119285	2.4982508675278257	chr3	154425000	155075000	0.8136134062096211	2.7516779456875784
chr3	155700000	156200000	1.0	0.31614574229335635	chr3	155725000	156225000	1.0	0.09085343045111348
chr3	157275000	157750000	0.9023689270621824	0.0	chr3	157275000	157775000	1.0	0.0
chr3	157750000	158250000	1.0	3.204766750654613	chr3	157775000	158275000	0.8535533905932737	1.5509006646475232
chr3	160700000	161175000	1.0	4.903761365128077	chr3	160675000	161225000	1.0	2.665051614289214
chr3	162425000	164925000	0.4442808021993181	0.0	chr3	162475000	164900000	0.4751272604610249	0.0
chr3	165550000	166825000	0.6623468959857438	0.09761079662642234	chr3	165625000	166825000	0.7873635192574312	0.0
chr3	170125000	170625000	0.8242640687119285	4.380821783940931	chr3	170100000	170600000	1.0	6.353323291162897
chr3	176175000	176675000	0.6699791832313203	0.0	chr3	176175000	176675000	0.6699791832313203	0.0
chr3	176675000	177175000	0.8535533905932737	5.806710717965235	chr3	176675000	177150000	1.0	3.6182386555954547
chr3	177525000	178125000	0.8047378541243649	0.007195501404203767	chr3	177550000	178125000	0.8047378541243649	0.0
chr3	178125000	178700000	1.0	0.0	chr3	178125000	178700000	1.0	0.0
chr3	180750000	181400000	0.813980579413864	0.0	chr3	180750000	181450000	0.7734590803390136	0.0
chr3	183550000	184050000	0.7395913515960801	6.189587384036473	chr3	183550000	184050000	0.7395913515960801	6.419078144298075
chr3	184550000	185025000	1.0	1.3645724322958561	chr3	184550000	185025000	1.0	1.7907720378620002
chr3	186900000	187425000	1.0	0.039138393906958314	chr3	186900000	187425000	1.0	1.358021097465946
chr3	191400000	192175000	0.9827709871286204	0.0	chr3	191200000	192175000	0.7332401059034745	0.0
chr3	192775000	193325000	0.5745242597140698	3.7984393988277936	chr3	192800000	193325000	0.6060915267313265	2.2063306478710496
chr4	3025000	3500000	0.9166666666666665	2.054153871762708	chr4	3050000	3525000	1.0	2.022959566539987
chr4	4450000	4925000	0.5722854315746105	3.4346282276367246	chr4	4450000	4950000	0.7845177968644245	3.183486514459391
chr4	6600000	7125000	0.9166666666666667	4.653977178636337	chr4	6600000	7100000	0.9414213562373096	4.742114031579083
chr4	13625000	14775000	0.8154561042208577	3.5179055535299506	chr4	13625000	15000000	0.7176740447931257	3.06177619758669
chr4	18125000	18650000	0.9163162231961564	0.0	chr4	18100000	18650000	0.9633883476483185	0.0
chr4	20750000	21475000	0.7948446513295125	0.0	chr4	20750000	21750000	0.7292342079946257	0.0
chr4	21775000	22400000	0.7676020539784872	0.0	chr4	21750000	22375000	0.9674563090207275	0.0
chr4	25975000	26450000	0.882842712474619	5.261154672615572	chr4	25950000	26400000	0.882842712474619	5.1409831048784245
chr4	27050000	27700000	0.8851100286299701	0.0	chr4	27075000	27650000	0.86982523608291	0.0
chr4	38075000	38750000	1.0	3.0496307677246004	chr4	38050000	38750000	0.9318181818181818	2.22650852980868
chr4	42550000	44700000	0.5019330911680736	2.129612738130469	chr4	42575000	44725000	0.4941191630113847	1.0724488500696925
chr4	44700000	46300000	0.6189722826505253	2.5147534984397537	chr4	44725000	46250000	0.6189391496126656	1.950468414150123
chr4	46300000	46800000	0.7071067811865475	0.1763227726404629	chr4	46250000	46800000	0.7071067811865475	0.4059923596758368
chr4	48075000	48550000	0.7702200572599405	3.1481206311239633	chr4	47950000	48550000	0.7912578159510714	2.5341861390900973
chr4	48550000	49000000	1.0	5.660388166547158	chr4	48550000	49025000	1.0	4.364747506022288
chr4	53400000	53875000	0.8383883476483185	1.964090528616132	chr4	53375000	53850000	0.8383883476483185	1.3692338096657188
chr4	58300000	59650000	0.74092795651089	0.0	chr4	58050000	59550000	0.6732644046329983	0.0
chr4	65475000	67500000	0.5793405351939435	0.021479727410451396	chr4	65525000	67625000	0.5275646468951134	0.056583528366367514
chr4	67500000	68275000	0.9315426084981316	0.0	chr4	67625000	68225000	0.9707106781186547	0.0
chr4	75025000	75625000	1.0	1.5469561781414114	chr4	75175000	75650000	1.0	0.09423606984576553
chr4	78875000	79450000	0.7071067811865475	0.014355292977070055	chr4	78875000	79450000	0.7071067811865475	0.03562390973072122
chr4	83200000	83725000	1.0	5.86118618481876	chr4	83275000	83725000	0.7071067811865475	5.646047421322465
chr4	85425000	85950000	0.9511844635310913	2.249445341085839	chr4	85450000	85950000	1.0	2.170726276131551
chr4	90400000	90850000	0.8535533905932737	1.8509993947164736	chr4	90375000	90875000	0.9999999999999999	0.21723071622066917
chr4	91225000	92000000	0.8210096996140012	0.0	chr4	91200000	92025000	0.8379140037005981	0.0
chr4	95575000	96050000	0.9023689270621824	0.0	chr4	95575000	96075000	0.8744743347942345	0.16992500144231237
chr4	96475000	97275000	0.6993149316256743	0.0	chr4	96550000	97275000	0.7673314776513775	0.0
chr4	97275000	99050000	0.6254995616604745	0.0	chr4	97275000	99000000	0.6233008163486554	0.0
chr4	100400000	100925000	1.0	6.491742886249029	chr4	100400000	100875000	1.0	5.187525285191172
chr4	108900000	109525000	1.0	5.227278994468321	chr4	108925000	109550000	1.0	9.156361220297567
chr4	109725000	110300000	0.686886723926607	0.06350294230615795	chr4	109550000	110325000	0.8241416258873915	4.944233767278234
chr4	115675000	119175000	0.2919714512147591	0.0036022366801955253	chr4	115325000	118475000	0.3729035286203907	0.40190347160795836
chr4	120475000	121000000	0.7438723973123639	6.047614726738881	chr4	120450000	121025000	0.8468133715066269	5.004501392234941
chr4	124675000	125250000	0.8372815451036374	0.0	chr4	124600000	125225000	0.8402400624653894	0.0
chr4	125725000	126225000	0.5555838995037158	0.0	chr4	125600000	126200000	0.6717514421272202	2.422233000683048
chr4	129800000	130250000	1.0	4.502553379813059	chr4	129775000	130325000	0.8901650429449554	2.0009014027415324
chr4	142250000	142700000	0.8242640687119284	0.292781749227846	chr4	142125000	142625000	0.9511844635310913	3.093391153253014
chr4	144475000	145100000	0.8621320343559642	6.9941978437095695	chr4	144500000	145050000	0.9023689270621824	0.160274831408593
chr4	146025000	146525000	1.0	3.524189078449365	chr4	146050000	146525000	1.0	3.0281270823171393
chr4	152800000	153300000	0.9581581115980783	0.0	chr4	152725000	153300000	0.9633883476483185	0.0
chr4	155750000	156325000	0.8372815451036375	0.0	chr4	155700000	156300000	0.86982523608291	0.7824085649273734
chr4	156325000	156875000	1.0	0.004321605950093468	chr4	156300000	156900000	0.9447213595499958	0.8890840985981492
chr4	159575000	160150000	0.7890593302429403	4.101187815259738	chr4	159575000	160100000	0.7181067922288351	3.2840452008948415
chr4	161200000	163375000	0.553659463815988	1.160274831408593	chr4	160425000	163325000	0.406123344323154	0.007195501404203767
chr4	164475000	165650000	0.7502175832319365	0.014355292977070055	chr4	164775000	165650000	0.7546608029789534	0.1309308698264487
chr4	171050000	171850000	0.9845845674308709	0.0	chr4	171075000	171775000	0.9372371673971173	0.0
chr4	171850000	173175000	0.7234877269019746	0.2630344058337938	chr4	171775000	173175000	0.752843281185117	0.007195501404203767
chr4	173175000	173775000	0.9023689270621824	0.0	chr4	173175000	173750000	0.9267766952966369	0.0
chr4	173775000	174400000	0.8048747567686422	6.773419474531072	chr4	173750000	174225000	1.0	3.4587756990802436
chr4	184675000	185150000	1.0	0.014355292977070055	chr4	184675000	185150000	1.0	0.5459683691052926
chr4	185550000	186050000	1.0	4.510276265306788	chr4	185550000	186050000	1.0	2.7980505147675143
chr4	186550000	187000000	1.0	0.0	chr4	186575000	187025000	0.8157378651666526	0.24691474047051673
chr4	187950000	188500000	0.7071067811865474	0.0	chr4	187925000	188525000	0.7329104530791732	0.0
chr4	188850000	190525000	0.6442034527253726	0.19114148735200812	chr4	188525000	190125000	0.6512200896982419	0.04264433740849372
chr5	1250000	1700000	0.9414213562373095	5.059344460824425	chr5	1200000	1700000	1.0	3.9605425999699158
chr5	2225000	4850000	0.4189652094029433	0.0	chr5	2125000	4825000	0.42535426666230636	0.9963887464476212
chr5	4850000	5450000	0.8052829884118253	3.249824548616183	chr5	4825000	5500000	0.9190164304230739	1.8021932169418255
chr5	5450000	6225000	1.0	0.0	chr5	5500000	6275000	0.9816941738241592	0.0
chr5	10175000	10700000	1.0	7.334937247953393	chr5	10200000	10700000	0.9511844635310913	5.279232489369164
chr5	16575000	17200000	0.934912618041455	0.0	chr5	16675000	17200000	1.0	4.770564791971693
chr5	17625000	18350000	0.833518805751623	0.0	chr5	17675000	18400000	0.865516500095513	0.0
chr5	21800000	23225000	0.7448561281523238	0.2326607567902751	chr5	21850000	23175000	0.7247313635848172	0.0
chr5	23225000	24600000	0.7036349329254609	0.21412480535284734	chr5	23175000	24575000	0.7252177487122542	0.007195501404203767
chr5	33400000	33975000	0.9267766952966369	5.973190313264677	chr5	33450000	33975000	1.0	3.144454313926194
chr5	34450000	35000000	1.0	5.368523922158954	chr5	34450000	34950000	1.0	5.0916998341368105
chr5	37350000	37800000	0.8242640687119285	5.568032104771279	chr5	37375000	37850000	0.9414213562373096	2.493134922305505
chr5	38400000	38900000	0.9023689270621824	1.3117937177536492	chr5	38350000	38875000	1.0	3.8858183719899175
chr5	42075000	43075000	0.8099705025034329	3.5604704091665136	chr5	41950000	42875000	0.8317521107826966	0.4329594072761063
chr5	50225000	51950000	0.5894361723261181	0.0	chr5	50675000	51950000	0.6877064571947423	0.0036022366801955253
chr5	55550000	56150000	1.0	1.821710215034674	chr5	55550000	56175000	0.8767766952966368	0.8386156702606412
chr5	57150000	57775000	0.7105922291502536	0.0	chr5	57125000	57800000	0.8248349473650851	5.4035233757923855
chr5	60975000	61475000	0.7071067811865475	0.0	chr5	60950000	61475000	0.7071067811865475	0.0
chr5	62100000	63325000	0.7639969960916924	0.0	chr5	62400000	63400000	0.7157129415211063	0.007195501404203767
chr5	63325000	63875000	0.9581581115980783	0.0	chr5	63400000	63900000	0.8308640753373011	0.007195501404203767
chr5	64100000	64850000	0.9816941738241592	1.5969351423872324	chr5	64075000	64875000	0.9999999999999999	3.191667922329894
chr5	64850000	65525000	0.9549395047979303	4.686033560019119	chr5	64875000	65500000	0.8914213562373094	3.0413931925543545
chr5	66550000	67525000	0.7241990661656471	0.8639384504239717	chr5	66525000	67550000	0.7297832564949807	0.8196681834964556
chr5	75025000	75575000	0.9163162231961564	0.0	chr5	75025000	75525000	0.8535533905932737	0.0
chr5	76400000	76850000	0.9023689270621825	0.0	chr5	76375000	76825000	0.9023689270621825	0.790772037862
chr5	76850000	77325000	1.0	5.611221570934812	chr5	76825000	77350000	1.0	5.137161936192784
chr5	77575000	78250000	0.926776695296637	4.43512849755131	chr5	77600000	78275000	0.8482092751647983	2.1586601753464985
chr5	78250000	78800000	1.0	0.6735564239901448	chr5	78275000	78825000	1.0	1.4409521980296371
chr5	79975000	80700000	0.865516500095513	3.2475478068902977	chr5	79975000	80550000	0.8372815451036374	0.989139007368233
chr5	81075000	81575000	0.9511844635310913	10.15753852399628	chr5	81100000	81575000	0.882842712474619	9.50838573340632
chr5	82275000	82950000	0.9023689270621824	5.026136089841674	chr5	82300000	82950000	0.9414213562373095	4.278480433626885
chr5	87425000	88000000	0.8744743347942345	5.3032327852506365	chr5	87400000	87975000	0.8169417382415922	2.1906148602094975
chr5	89675000	90125000	0.9414213562373096	4.80250344058368	chr5	89600000	90100000	0.9511844635310913	2.1966070440948178
chr5	95200000	95650000	0.7071067811865475	3.350497247084133	chr5	95200000	95675000	1.0	5.10076744956886
chr5	95975000	96550000	0.9999999999999999	3.2694606749932267	chr5	96075000	96550000	0.7071067811865475	2.4297115987542144
chr5	98450000	99700000	0.6802032358208296	0.0	chr5	98475000	99725000	0.6475924063910028	0.0
chr5	99700000	100150000	0.8242640687119285	0.6915341649192002	chr5	99725000	100325000	1.0	2.185866545311334
chr5	101875000	102550000	0.8642766952966369	4.869295660593479	chr5	101850000	102500000	0.9201200312326949	5.332051471429449
chr5	108300000	108825000	0.8535533905932737	5.802193216941825	chr5	108325000	108875000	0.8535533905932737	4.535430914871279
chr5	111825000	112325000	1.0	4.689532135109008	chr5	111825000	112275000	0.9267766952966369	4.529883399507684
chr5	118275000	118800000	1.0	5.657389912581149	chr5	118275000	118825000	0.7536629600351641	4.186064704097565
chr5	119350000	119825000	0.7071067811865475	0.35614381022527536	chr5	119300000	119775000	0.7071067811865475	0.0
chr5	119825000	121250000	0.7254557094930655	0.0	chr5	120175000	121250000	0.7864368271621298	0.0
chr5	121850000	122350000	1.0	4.657640005207824	chr5	121825000	122400000	0.9674563090207274	4.121015400961366
chr5	128525000	129125000	0.7870453040219171	0.0	chr5	128550000	129175000	0.782842712474619	0.0600473836699389
chr5	129125000	130450000	0.7327384363930944	0.03562390973072122	chr5	129500000	130450000	0.8336514134764285	0.0
chr5	132725000	133325000	1.0	4.325890061039784	chr5	132725000	133325000	1.0	4.4526942640981995
chr5	134250000	134750000	1.0	5.1575995743689855	chr5	134275000	134775000	1.0	4.704180322925828
chr5	135600000	136125000	0.9511844635310911	0.0	chr5	135575000	136100000	0.9163162231961564	0.0
chr5	142350000	142850000	0.8326324463923127	3.4574629646485517	chr5	142325000	142775000	1.0	0.0
chr5	143575000	144775000	0.7319028440006441	0.0	chr5	143850000	144700000	0.8816800483548086	0.0
chr5	145900000	146375000	1.0	0.0	chr5	145900000	146400000	1.0	0.0
chr5	150675000	151200000	0.9	4.240423372456917	chr5	150625000	151200000	0.9166666666666666	8.889606085961471
chr5	151900000	152850000	0.7773550516431456	0.0	chr5	151900000	152800000	0.8335533905932737	0.0
chr5	152850000	153350000	0.8894427190999916	0.0	chr5	152800000	153350000	0.9	0.32768736417604716
chr5	153350000	153800000	1.0	4.532732541948598	chr5	153350000	153825000	1.0	4.303963356245304
chr5	154400000	155050000	0.869866721732691	0.0	chr5	154325000	155050000	0.9436213584457671	0.02856915219677092
chr5	156525000	157175000	0.9279187982896862	1.9358948843010897	chr5	156575000	157200000	0.8275640720246147	2.407723544470217
chr5	157500000	158100000	0.8535533905932737	0.0	chr5	157525000	158075000	0.8169417382415922	0.0
chr5	158100000	158550000	1.0	0.070389327891398	chr5	158075000	158550000	0.9	0.6690267655096306
chr5	158550000	159425000	0.9486569563735988	3.49777201759007	chr5	158750000	159425000	0.8613521576502651	0.560714954474479
chr5	159425000	159875000	0.7071067811865475	5.354469792157401	chr5	159425000	159875000	0.7071067811865475	4.305970520984387
chr5	162950000	163425000	0.7071067811865475	0.0	chr5	162875000	163450000	0.9674563090207275	3.473786911614367
chr5	163425000	163950000	0.9023689270621824	0.0	chr5	163450000	163950000	0.607442481793838	0.0
chr5	169025000	169475000	1.0	3.2133472817334408	chr5	169000000	169475000	1.0	3.0490498556809604
chr5	173775000	174300000	0.9163162231961564	0.0	chr5	173800000	174300000	1.0	1.4594316186372973
chr5	174300000	174900000	0.9023689270621824	0.0	chr5	174300000	174950000	0.9146054701618018	5.194855328538589
chr5	174900000	175450000	0.7910533905932737	5.920253595375764	chr5	174950000	175450000	0.9285714285714286	0.0
chr5	178050000	178575000	0.9163162231961564	2.2844771178104226	chr5	178050000	178550000	0.9163162231961564	1.4623795718410229
chr6	825000	1525000	0.8806019374818708	0.0	chr6	800000	1525000	0.926776695296637	2.141868716311337
chr6	7650000	8150000	1.0	5.901249061460933	chr6	7650000	8125000	0.9023689270621824	5.112144073755819
chr6	8500000	8950000	0.7071067811865475	0.0	chr6	8475000	8950000	0.8535533905932737	0.0
chr6	11125000	11600000	1.0	0.12101540096136584	chr6	11100000	11575000	1.0	1.398715193976911
chr6	15650000	16275000	0.9201200312326947	5.262408100184327	chr6	15675000	16250000	0.9674563090207274	1.9514012916743109
chr6	16275000	16750000	0.6666666666666666	0.0	chr6	16250000	16750000	0.8333333333333333	0.0
chr6	17100000	17575000	0.9023689270621824	0.0	chr6	17125000	17575000	0.7845177968644247	3.5734957154956097
chr6	18575000	19675000	0.7765953271374156	0.0	chr6	18575000	19600000	0.778951764873442	0.0
chr6	20075000	20550000	1.0	3.887525270741588	chr6	20025000	20550000	1.0	1.843313913671353
chr6	24300000	24800000	1.0	5.004113189263112	chr6	24300000	24775000	0.9511844635310911	3.032982416699429
chr6	32200000	32775000	0.9285714285714286	0.007195501404203767	chr6	32175000	32800000	0.7191067932326796	0.21242784961017988
chr6	32775000	33225000	0.6035533905932737	4.3106834631496636	chr6	32800000	33250000	1.0	8.142261532306422
chr6	39325000	39850000	0.7316171919370917	0.010779838753242761	chr6	39325000	39925000	0.882842712474619	2.1413237889995176
chr6	43525000	44075000	0.8276650429449552	6.543824504546613	chr6	43550000	44075000	0.819035593728849	5.398829182444627
chr6	44700000	45375000	0.7651650429449552	2.4161641647331282	chr6	44625000	45350000	0.7910533905932737	1.7580899342018124
chr6	49400000	50050000	1.0	5.612552601725756	chr6	49425000	49900000	0.9023689270621825	0.89616418901546
chr6	51175000	51700000	0.8744743347942345	0.0	chr6	51100000	51650000	0.8901650429449552	0.0
chr6	56750000	57250000	1.0	4.443275111765805	chr6	56775000	57250000	0.7414213562373095	3.896191104716637
chr6	57550000	58100000	0.7212496525266316	0.0	chr6	57575000	58100000	0.804737854124365	0.0
chr6	62200000	64550000	0.4655560557080229	2.906249255281936	chr6	62175000	63950000	0.5610392779048021	1.2570106182060239
chr6	69550000	70350000	0.7623832302230826	0.0	chr6	69300000	70400000	0.7386906062561389	0.0
chr6	70350000	70900000	0.9633883476483185	3.2731428593080825	chr6	70400000	70875000	0.8242640687119285	1.636914580355878
chr6	70900000	71400000	1.0	3.6246858105253983	chr6	70875000	71375000	0.9023689270621824	1.111031312388744
chr6	72075000	72850000	0.9310839485144818	0.0	chr6	72275000	72825000	0.9581581115980783	0.33913738491958556
chr6	73350000	73875000	0.7734590803390136	0.0	chr6	73325000	73875000	1.0	0.7004397181410922
chr6	76625000	77375000	0.8124220368340521	0.0	chr6	76625000	77350000	0.8190042403120211	0.0
chr6	79600000	80125000	0.882842712474619	3.9866384717308523	chr6	79550000	80150000	0.934912618041455	3.1001366712854503
chr6	81075000	82450000	0.6662781001750219	0.0	chr6	80875000	82175000	0.7047944032064837	0.0
chr6	82450000	82925000	0.882842712474619	0.5753123306874369	chr6	82450000	82925000	0.882842712474619	1.713695814843359
chr6	87725000	88600000	0.8998414199046899	3.942429199341055	chr6	87725000	88600000	0.8998414199046899	2.490103314379715
chr6	88600000	89225000	0.8994933809999924	0.08065766334522519	chr6	88600000	89275000	0.9324092571968956	0.0
chr6	99250000	99700000	0.9267766952966369	3.1977081579558506	chr6	99250000	99725000	0.9267766952966369	1.6438561897747248
chr6	107375000	107950000	0.8535533905932737	2.4594316186372973	chr6	107375000	107825000	0.882842712474619	1.7655347463629774
chr6	109800000	110400000	1.0	1.5831580038744082	chr6	109800000	110400000	1.0	1.726286289720674
chr6	110775000	111325000	0.8618033988749895	4.943030499084064	chr6	110775000	111300000	0.8326324463923127	3.6164753287828777
chr6	118100000	118575000	0.7071067811865475	0.0	chr6	118000000	118550000	0.8326324463923127	0.0
chr6	120075000	121325000	0.6481802318945278	0.0	chr6	120075000	121300000	0.7349840581601887	0.0
chr6	122675000	123200000	0.9285714285714286	4.515889031785184	chr6	122650000	123225000	0.9674563090207274	3.7643673885112263
chr6	123200000	123700000	0.8047378541243649	0.021479727410451396	chr6	123225000	123700000	0.8047378541243649	0.007195501404203767
chr6	124075000	125175000	0.7833233523010381	0.0	chr6	124050000	125150000	0.8164940713511079	0.0
chr6	125175000	125625000	1.0	7.002083639783426	chr6	125150000	125650000	0.8535533905932736	4.283551423174307
chr6	130650000	131175000	0.9163162231961565	0.0024024902153046133	chr6	130625000	131150000	0.8744743347942345	2.5356382731240092
chr6	135275000	135800000	0.9210305136428512	6.4908107734715665	chr6	135300000	135800000	0.9285714285714286	3.7761039880731646
chr6	141275000	141975000	1.0	0.0	chr6	141250000	141950000	0.9774697523989653	0.0
chr6	141975000	142475000	0.5892556509887895	4.878725341480106	chr6	141950000	142475000	0.5892556509887895	3.6244908649077936
chr6	143800000	144350000	0.8901650429449552	4.321855958331889	chr6	143800000	144375000	0.9023689270621824	3.319328903839405
chr6	147100000	147700000	0.7912578159510714	6.647386469795593	chr6	147125000	147725000	0.8459708691207961	3.0452682151385333
chr6	148850000	149325000	0.6031495069119116	0.0	chr6	148850000	149350000	0.9166666666666665	2.408711861029429
chr6	149325000	149825000	1.0	3.64481766601217	chr6	149350000	149850000	1.0	2.7932022791504756
chr6	149825000	150375000	0.82106674238245	4.9784772685387475	chr6	149850000	150375000	0.9078689325833263	3.4183456596662554
chr6	151150000	151725000	1.0	4.784852923562757	chr6	151150000	151750000	1.0	4.704318677760832
chr6	151725000	152675000	0.7997066748270489	3.6599245584023783	chr6	151750000	152450000	0.9105390639790305	2.3266092510052707
chr6	153375000	154425000	0.7037761777484676	0.007195501404203767	chr6	153625000	154425000	0.8167516530192332	0.0
chr6	156150000	156875000	0.7362271782141678	0.0	chr6	155900000	156850000	0.7045969972153866	0.0
chr6	156875000	157500000	1.0	3.4215599449018232	chr6	157050000	157550000	0.9581581115980783	3.4522000494062213
chr6	158600000	159100000	0.9581581115980782	5.801365627622766	chr6	158600000	159075000	0.9414213562373096	5.51689764498078
chr6	159100000	159575000	1.0	4.551362203987388	chr6	159075000	159550000	1.0	3.8157035033480655
chr6	159575000	160075000	1.0	0.0	chr6	159550000	160100000	1.0	0.03562390973072122
chr6	160075000	160550000	1.0	6.110567408387548	chr6	160100000	160550000	1.0	4.840798900469681
chr6	164600000	166075000	0.7730098527890327	0.0	chr6	164425000	165750000	0.67774673102053	0.0
chr6	168800000	169300000	0.7316171919370917	1.4005379295837288	chr6	168600000	169275000	0.8023046997640504	0.0036022366801955253
chr7	350000	950000	1.0	5.096894327403654	chr7	325000	850000	1.0	3.695622701843316
chr7	2450000	2900000	1.0	3.068670810665099	chr7	2425000	2925000	0.9511844635310913	4.567597597331652
chr7	3275000	3950000	0.6931082800065886	0.0	chr7	3325000	3975000	0.6048656851399036	0.8836208162856715
chr7	3950000	4600000	0.7578455356387245	0.0	chr7	3975000	4625000	0.7759576278120671	0.0
chr7	6950000	7625000	0.9511844635310913	4.180307019969433	chr7	6925000	7425000	0.9166666666666666	2.916476644437717
chr7	7625000	8425000	0.9011221233452443	5.41679752760606	chr7	7650000	8350000	0.8896181197780697	2.6803243568440167
chr7	10950000	11400000	1.0	7.356407951394893	chr7	10900000	11375000	0.5828427124746189	5.190516096215559
chr7	12675000	13300000	0.8934933749769263	7.254792430192883	chr7	12650000	13300000	0.9023689270621824	2.886550147324343
chr7	13300000	13775000	0.4949747468305832	0.0	chr7	13300000	13750000	0.7071067811865475	0.0
chr7	16100000	16675000	0.7071067811865475	2.523561956057013	chr7	16125000	16650000	0.7071067811865475	0.28293396327149883
chr7	20675000	21275000	0.6596194077712559	0.18903382439001712	chr7	20700000	21250000	0.8535533905932736	0.0
chr7	22100000	22550000	0.75	0.8439838440483266	chr7	22100000	22550000	0.75	0.04963076772460043
chr7	26725000	27225000	1.0	0.3415114105349169	chr7	26700000	27200000	1.0	2.436461703182413
chr7	31775000	32225000	1.0	0.0	chr7	31775000	32250000	1.0	0.0
chr7	35125000	35675000	0.9023689270621824	0.0	chr7	35150000	35675000	0.9023689270621824	0.11103131238874395
chr7	43500000	43975000	1.0	5.453094218695725	chr7	43550000	44000000	0.7071067811865475	5.219804659884495
chr7	47300000	47900000	1.0	0.0	chr7	47275000	47925000	0.9755922317655457	4.147035285922587
chr7	48250000	50150000	0.5553278781739489	0.0	chr7	48275000	50100000	0.5966941759042331	0.0
chr7	50750000	51200000	1.0	4.480265122054463	chr7	50775000	51250000	1.0	2.19377174339668
chr7	51525000	53975000	0.47727643853845586	0.0	chr7	51475000	54800000	0.30116264201206083	0.0
chr7	55700000	56175000	0.875	7.055710841467476	chr7	55725000	56200000	1.0	5.580679980894164
chr7	56425000	57125000	0.702496758077721	0.0	chr7	56200000	57075000	0.8831800498605751	0.0
chr7	63000000	64100000	0.8061472410572995	2.4392906810420176	chr7	63000000	64175000	0.8086559608601969	0.7075247908996078
chr7	65475000	65975000	1.0	3.708076849621719	chr7	65475000	66000000	1.0	3.850999394716473
chr7	84150000	84650000	0.6481812160876684	0.0	chr7	84100000	84650000	0.6481812160876685	4.219555769166913
chr7	90100000	90675000	0.9008883476483185	0.0	chr7	90100000	90675000	0.9008883476483185	0.0
chr7	94300000	94900000	0.5584281473619158	0.0	chr7	94100000	94850000	0.9450825214724777	3.294069295088306
chr7	95100000	95725000	0.8535533905932736	0.10936055940423045	chr7	95100000	95550000	0.8242640687119285	0.04614178164472064
chr7	96675000	97475000	0.8698252360829101	5.194362890727586	chr7	96725000	97475000	0.8901650429449552	1.5813512471687772
chr7	98500000	99000000	0.9581581115980783	5.66760832567372	chr7	98475000	99000000	0.9166666666666666	6.660081488607574
chr7	99000000	99525000	0.8420610272857023	6.135501388050756	chr7	99000000	99575000	0.934912618041455	5.979083527522076
chr7	103150000	103825000	0.8045638933424676	4.866413481123453	chr7	103100000	103875000	0.8605408300493778	2.985955754607509
chr7	103825000	104550000	0.9633883476483185	3.2315092108670465	chr7	103875000	104525000	0.9146054701618018	0.0
chr7	105225000	105775000	1.0	4.271463027904375	chr7	105225000	105775000	1.0	2.9047249283904044
chr7	108250000	110700000	0.49131524706292856	0.0	chr7	108225000	110100000	0.6264125481356296	0.0
chr7	110700000	111175000	1.0	0.08406426478847455	chr7	110700000	111375000	0.8455242714630211	2.15704371014558
chr7	112125000	112575000	0.8535533905932737	4.991181681408527	chr7	112125000	112575000	0.8535533905932737	3.4229057426121834
chr7	112575000	113050000	0.5892556509887895	5.952566540942803	chr7	112575000	113075000	0.6565991539589369	3.0068964042660147
chr7	117325000	117850000	0.8	5.315874125039256	chr7	117375000	117925000	1.0	3.030336078370959
chr7	117850000	118875000	0.7439614785485732	0.0	chr7	117925000	118850000	0.8105165673029155	0.0
chr7	118875000	119775000	0.7960172110867071	0.0	chr7	118850000	119525000	0.6380711874576983	0.0
chr7	121700000	122225000	1.0	0.014355292977070055	chr7	121700000	122250000	0.9023689270621824	1.386810946472217
chr7	122225000	123100000	0.8901650429449555	0.004321605950093468	chr7	122250000	123100000	0.848038829522381	0.02998286621571431
chr7	123550000	124450000	0.9031675224910364	0.0024024902153046133	chr7	123750000	124500000	0.9655419742572409	1.8257856274647912
chr7	132375000	132875000	0.9581581115980783	7.358519341550474	chr7	132350000	132875000	0.9581581115980783	5.025028794491522
chr7	139100000	139725000	0.7000000000000001	2.735251375786425	chr7	139050000	139750000	0.7560201052585113	2.8042601156347384
chr7	141450000	142025000	0.9633883476483185	0.8127035765602842	chr7	141500000	142000000	0.9163162231961565	0.0010301285984892238
chr7	155600000	156300000	0.7655367443765857	0.0	chr7	155600000	156350000	0.7344283161316806	0.017921907997262315
chr7	157200000	158175000	0.7455756821006486	0.007195501404203767	chr7	157225000	157925000	0.777791949751858	0.0
chr8	500000	1650000	0.8597403635628422	2.615887073916057	chr8	750000	1650000	0.9414213562373095	0.0
chr8	6225000	6700000	0.882842712474619	4.010779838753242	chr8	6225000	6675000	0.6204757192910176	2.2306129281414164
chr8	7900000	8550000	0.8923843423651672	0.010779838753242761	chr8	8025000	8550000	0.790790557990391	3.1562347978502703
chr8	9725000	10400000	1.0	0.3334237337251918	chr8	9700000	10325000	1.0	2.2971914165658562
chr8	18725000	19200000	0.9023689270621824	0.017921907997262315	chr8	18725000	19200000	0.9023689270621824	2.521050736900963
chr8	19200000	19650000	0.882842712474619	0.07724299893246035	chr8	19200000	19675000	1.0	4.356495987705576
chr8	20300000	20925000	0.866866718721158	0.0	chr8	20300000	20900000	0.7949747468305831	0.0
chr8	20925000	21725000	0.817842269436559	0.0	chr8	20900000	21725000	0.8072960324603673	0.007195501404203767
chr8	22850000	23300000	0.8535533905932737	4.076441516509175	chr8	22875000	23325000	0.8242640687119285	6.503547505512798
chr8	23625000	24125000	0.8326324463923127	0.16349873228287956	chr8	23625000	24100000	0.882842712474619	4.2986583155645155
chr8	25400000	25950000	0.7907905579903911	0.0	chr8	25375000	25925000	0.8326324463923129	0.007195501404203767
chr8	26550000	27100000	0.6573619960266376	0.0	chr8	26550000	27100000	0.6573619960266376	0.0
chr8	30000000	30450000	0.8242640687119285	3.7347999269480923	chr8	29950000	30475000	0.9414213562373096	5.107740170245732
chr8	33500000	36675000	0.30974390456095185	0.0	chr8	33500000	36650000	0.3252270615464412	0.01197264166607594
chr8	40300000	40875000	0.8047378541243649	0.0	chr8	40100000	40900000	0.7714133815522304	0.28095631383105635
chr8	40875000	41475000	0.926776695296637	5.066788835540089	chr8	40900000	41400000	1.0	5.964244588634528
chr8	48150000	48700000	0.8744743347942345	4.182890892745479	chr8	48125000	48700000	0.9375	4.79025073883523
chr8	55450000	56375000	0.8001433150275111	0.0	chr8	55450000	56625000	0.7990424700222731	0.0
chr8	57150000	57775000	0.9414213562373096	0.0	chr8	57200000	57875000	0.8779611588277281	0.11436702495200024
chr8	58325000	58950000	0.882842712474619	0.007195501404203767	chr8	58300000	58850000	0.7361359120657514	0.0
chr8	59975000	60925000	0.7833783421398967	0.33913738491958556	chr8	60050000	61075000	0.8337649946644944	0.0
chr8	61575000	62075000	1.0	1.5210507369009634	chr8	61575000	62050000	1.0	0.33055840003080245
chr8	62500000	64000000	0.6076256315448694	4.2695007492988895	chr8	62700000	64275000	0.6412139921471415	3.227664072554389
chr8	64250000	65350000	0.8077441350367511	0.0	chr8	64275000	65400000	0.7873098661010813	0.0
chr8	68725000	69400000	0.8698954425671548	0.01197264166607594	chr8	68775000	69425000	0.7614223231766001	0.021479727410451396
chr8	69400000	70525000	0.7529538708047047	0.02856915219677092	chr8	69425000	70550000	0.7426198119639537	5.2753795962536225
chr8	71050000	71625000	0.8618033988749895	4.5763709674859445	chr8	71025000	71625000	0.934912618041455	4.520684151956572
chr8	71625000	72700000	0.7764868366893203	0.0874628412503394	chr8	71625000	72675000	0.7093424407414077	0.0
chr8	72700000	73175000	0.8047378541243649	0.35802109746594574	chr8	72675000	73175000	0.7583772504818587	2.6450098843910954
chr8	73175000	73800000	0.734218882394489	0.0	chr8	73175000	73825000	0.756367308861615	0.0
chr8	74125000	74575000	1.0	10.642128429985036	chr8	74150000	74600000	1.0	8.865887892259215
chr8	75275000	75850000	0.8576783947341315	0.0874628412503394	chr8	75275000	75825000	1.0	0.0
chr8	85500000	85950000	0.8535533905932737	0.0	chr8	85475000	85975000	0.7845177968644246	0.0
chr8	91975000	92425000	0.9	4.179272173701565	chr8	91975000	92425000	0.9	2.4651908879259823
chr8	92425000	93025000	0.8734919064303394	0.0	chr8	92425000	92925000	0.9414213562373095	0.0
chr8	95825000	96325000	0.7316171919370917	5.18322182405577	chr8	95800000	96300000	0.9166666666666666	2.921563278321967
chr8	96325000	96850000	0.6217402213983222	0.0	chr8	96300000	96900000	0.8305415260169906	0.0
chr8	98600000	99125000	1.0	9.564435332546696	chr8	98625000	99125000	1.0	8.25888162571295
chr8	100400000	100875000	0.7071067811865475	0.0	chr8	100400000	100875000	0.7071067811865475	0.0
chr8	102675000	103250000	0.8169417382415921	1.9164766444377166	chr8	102675000	103225000	0.8169417382415922	0.04963076772460043
chr8	104100000	104550000	1.0	4.307012102894396	chr8	104075000	104550000	1.0	4.812828239831768
chr8	104550000	105225000	0.9755922317655457	0.0	chr8	104550000	105200000	0.9733733437442317	0.0
chr8	108050000	108575000	0.5892556509887895	4.968321196106267	chr8	108050000	108550000	0.5892556509887895	2.237257770900372
chr8	109850000	110300000	0.9267766952966369	0.04963076772460043	chr8	109825000	110350000	0.9163162231961564	4.210492771322965
chr8	110725000	111800000	0.7602887478867213	0.0	chr8	110775000	111800000	0.7636646278973572	0.0
chr8	118350000	118825000	0.882842712474619	4.55428186262639	chr8	118350000	118825000	0.882842712474619	3.420886574975531
chr8	125500000	126100000	0.875	6.593249180763268	chr8	125500000	126050000	0.8901650429449552	5.514122260170708
chr8	126950000	127850000	0.8755634918610405	0.07724299893246035	chr8	126725000	127825000	0.8195361891233744	0.22032995487955562
chr8	128725000	129700000	0.8301676381499721	5.452117663828671	chr8	128725000	130000000	0.7695985582524856	4.964629666720596
chr8	131775000	132825000	0.7610992409158894	0.0	chr8	132075000	132850000	0.8107949698544663	0.0
chr8	135925000	136475000	0.7071067811865475	1.464668267003444	chr8	135950000	136425000	0.7071067811865475	0.0
chr8	136475000	139700000	0.3416608422964899	0.0	chr8	136825000	139675000	0.4149714636989511	0.0
chr8	140675000	141150000	0.7071067811865475	0.056583528366367514	chr8	140650000	141150000	0.7071067811865475	0.0036022366801955253
chr8	141700000	142150000	1.0	4.612205036694896	chr8	141700000	142175000	1.0	5.270248598750425
chr8	142950000	143575000	0.9414213562373095	1.3659724275933836	chr8	142850000	143575000	0.9324092571968956	1.2341947229538122
chr8	143575000	144175000	0.9414213562373095	3.470164964583753	chr8	143575000	144350000	0.9089681754373918	4.179364376362866
chr9	2225000	2850000	0.8535533905932737	3.440509313900023	chr9	2125000	2875000	0.865516500095513	3.480049649715792
chr9	3725000	4300000	0.82106674238245	0.0	chr9	3700000	4375000	0.8568533939059602	2.1554254317471973
chr9	6325000	6800000	0.9166666666666667	3.069530325162305	chr9	6325000	6800000	0.9166666666666667	2.452858964713811
chr9	6800000	7275000	0.9023689270621824	0.0	chr9	6800000	7250000	1.0	0.0
chr9	7900000	9350000	0.7237457891567263	0.0	chr9	7900000	9000000	0.7941846472994061	0.0
chr9	10300000	13025000	0.4043821475793797	0.0	chr9	10400000	12350000	0.5583814862751799	0.04963076772460043
chr9	18225000	19025000	0.9537537022926127	0.0	chr9	18450000	19025000	0.8901650429449554	4.709566353839991
chr9	19025000	19475000	0.75	7.9000214670377815	chr9	19025000	19475000	0.75	7.509396116374589
chr9	35100000	35550000	0.8535533905932737	5.078396351951206	chr9	35100000	35625000	0.9163162231961564	4.671859468247478
chr9	35550000	36175000	0.9012921420339177	3.136444338957305	chr9	35625000	36225000	0.8707106781186548	6.083500139452401
chr9	73250000	73875000	0.751974105885152	0.0	chr9	73275000	73900000	0.7654541440584457	0.0
chr9	77350000	77825000	0.9023689270621824	2.840966704487421	chr9	77300000	77850000	1.0	2.1731274334806563
chr9	77825000	78500000	0.75045033452869	0.0	chr9	77850000	78450000	0.6816514520652789	0.0
chr9	78500000	78975000	0.7071067811865475	0.0	chr9	78450000	79000000	0.7803300858899106	0.8953026213333065
chr9	86525000	86975000	1.0	6.399974266735813	chr9	86525000	87000000	0.9511844635310913	5.637262455221741
chr9	86975000	88075000	0.920828059525575	0.0	chr9	87000000	88175000	0.859290411397237	0.014355292977070055
chr9	93675000	94200000	0.9511844635310911	3.0916998341368105	chr9	93650000	94175000	1.0	2.7452373321297494
chr9	95700000	96375000	0.9511844635310913	3.7421260111608374	chr9	95650000	96175000	0.7071067811865475	4.094939789210428
chr9	97350000	97900000	0.8744743347942345	1.9653225483672545	chr9	97400000	97925000	1.0	3.8715972656138526
chr9	99075000	99600000	0.8190355937288492	2.9345165015860806	chr9	99050000	99500000	1.0	2.2143838868011305
chr9	103400000	104100000	0.9001095694418901	0.0	chr9	103400000	104100000	0.9001095694418901	0.0
chr9	104775000	106975000	0.5324547352241241	3.289834465177509	chr9	104400000	106975000	0.4339106271269515	0.9297909977185973
chr9	106975000	107500000	0.7071067811865475	0.0018022426339853836	chr9	106975000	107500000	0.7071067811865475	0.0
chr9	110175000	110675000	0.7316171919370918	0.09085343045111348	chr9	110175000	110650000	0.7357022603955158	1.4316229597132921
chr9	115150000	115625000	1.0	3.7746553006129195	chr9	115150000	115600000	1.0	1.9900472195737944
chr9	115950000	116450000	0.7821248191647022	4.30560578958543	chr9	115950000	116450000	0.7821248191647022	3.54823109794295
chr9	117850000	118325000	0.7071067811865475	0.014355292977070055	chr9	117775000	118350000	0.8535533905932737	6.286419145337329
chr9	118325000	118900000	0.8047378541243648	0.0	chr9	118350000	118975000	0.8214121732666124	3.0294528857869705
chr9	118900000	119375000	0.7535533905932736	0.04963076772460043	chr9	118975000	119450000	1.0	2.2364926183813023
chr9	119675000	122725000	0.3550278292571337	0.6264391366973152	chr9	120300000	122775000	0.4485030489700852	0.00480098626382128
chr9	124250000	124825000	1.0	0.06350294230615795	chr9	124250000	124825000	1.0	3.6576400052078246
chr9	126175000	126800000	0.95	3.6319773202387453	chr9	126175000	126800000	0.95	2.8027102192913427
chr9	131850000	132400000	0.8901650429449552	4.9079001288417174	chr9	131850000	132375000	0.9581581115980782	5.536247215688128
chr9	134675000	135175000	0.9511844635310913	4.1101961777542	chr9	134675000	135200000	1.0	4.077883864438323
chr9	138725000	139250000	1.0	5.349546629325485	chr9	138675000	139275000	0.82106674238245	3.7152344552400156
chrX	4450000	6925000	0.43960481783253164	0.5285713188707577	chrX	3900000	6900000	0.3385632318772069	0.0
chrX	7925000	8725000	0.7714133815522305	0.5881649327595001	chrX	7950000	8700000	0.8006984141361804	0.03327615487429865
chrX	8725000	9700000	0.7609262690499129	2.3142131297593567	chrX	8700000	9450000	0.8746392493685924	1.6246858105253983
chrX	9700000	10150000	1.0	0.06626144226872127	chrX	9700000	10150000	1.0	2.3222166050454858
chrX	10150000	10675000	1.0	0.0	chrX	10150000	10650000	1.0	0.0
chrX	15275000	15750000	1.0	2.561801321273469	chrX	15250000	15700000	0.9414213562373095	0.9035203737233762
chrX	17150000	17750000	0.804737854124365	0.0	chrX	17175000	17775000	0.7979978350377182	2.1811025507537978
chrX	17750000	18425000	0.7264595351060167	2.6990518440168496	chrX	17775000	18375000	0.7242640687119285	0.44713834244586786
chrX	24700000	25225000	1.0	2.5273206078770474	chrX	24725000	25225000	0.9511844635310913	0.0
chrX	25225000	26450000	0.7798470609591903	0.026209879322848628	chrX	25450000	26725000	0.6939305461134267	0.0
chrX	28125000	30125000	0.5692220606104493	0.0	chrX	28575000	30125000	0.6934482745384892	0.5360529002402098
chrX	30550000	31025000	0.9511844635310911	3.339137384919585	chrX	30550000	31000000	1.0	1.787989597190673
chrX	31025000	31700000	1.0	0.0	chrX	31000000	31725000	1.0	0.0
chrX	32075000	33425000	0.7064538960637333	2.9579145986329856	chrX	31725000	33425000	0.598895767388973	2.3161457422933562
chrX	34375000	37025000	0.41800549792933817	0.06235200882597968	chrX	34925000	37350000	0.4467482720182526	0.7420062108667361
chrX	38475000	39025000	0.9267766952966369	4.814037647539975	chrX	38525000	39050000	0.9163162231961564	4.332349900373874
chrX	39025000	39525000	0.8744743347942348	0.0	chrX	39050000	39500000	0.8242640687119285	0.0
chrX	45075000	45650000	0.9023689270621824	0.0	chrX	45050000	45700000	0.8268406108044062	0.0
chrX	45650000	46250000	0.765685424949238	0.0	chrX	45700000	46300000	0.7654541440584457	0.0
chrX	47925000	48425000	0.7614223231766	4.948700957017785	chrX	47950000	48400000	0.7071067811865475	2.9917921761726083
chrX	56300000	56775000	1.0	3.5698556083309483	chrX	56275000	56775000	0.9511844635310913	4.341274183692175
chrX	57050000	57550000	1.0	2.5389519582808235	chrX	57050000	57525000	0.9023689270621824	1.5615298062560334
chrX	62350000	62925000	1.0	4.455162801244506	chrX	62325000	63000000	0.9146054701618018	1.3895668117627258
chrX	68650000	69300000	0.7869867499538528	0.00898878322725476	chrX	68600000	69275000	0.8934933749769264	0.01197264166607594
chrX	72250000	73025000	0.8860970815725462	0.15833702716710066	chrX	72250000	73000000	0.8468800625768111	0.5048745893984644
chrX	74200000	75425000	0.8095463322737281	3.4550970283734066	chrX	73850000	75350000	0.6367144667194677	1.397255345594427
chrX	75725000	76600000	0.7805525814929899	0.0	chrX	75700000	76575000	0.7805525814929899	0.0
chrX	84350000	84850000	1.0	0.8018484457510604	chrX	84325000	84850000	1.0	0.5961400500326416
chrX	86975000	88975000	0.5088146039495143	0.0	chrX	86975000	88600000	0.6513827401416817	0.007195501404203767
chrX	98150000	99675000	0.6131594532342979	0.0	chrX	98125000	99675000	0.6260608736101565	0.0
chrX	105650000	106100000	1.0	0.04730571477835682	chrX	105650000	106100000	1.0	1.7004397181410922
chrX	106100000	106600000	0.9078689325833263	4.190088040762019	chrX	106100000	106700000	0.7692900470858133	1.572485495553142
chrX	110125000	110700000	0.9633883476483185	0.0	chrX	110125000	110925000	0.9330251269337091	3.1566393106920874
chrX	111350000	111925000	0.8047378541243649	0.0	chrX	111400000	111900000	0.790790557990391	0.056583528366367514
chrX	111925000	113125000	0.8274788015535669	0.0	chrX	112200000	113425000	0.8576435678534906	0.0
chrX	114425000	115025000	1.0	1.3059705209843862	chrX	114500000	114975000	1.0	5.1965283609369415
chrX	115025000	115625000	1.0	0.0	chrX	114975000	115600000	1.0	0.0
chrX	118625000	119075000	1.0	8.312894297181918	chrX	118575000	119075000	1.0	7.275498114321349
chrX	122750000	123250000	1.0	6.3298411765306275	chrX	122675000	123275000	0.9414213562373095	3.797185952483063
chrX	132400000	132850000	0.7722854315746106	0.014355292977070055	chrX	132375000	132850000	0.7614223231766	1.185866545311334
chrX	139100000	139850000	0.7195781335261764	0.010779838753242761	chrX	139100000	139875000	0.8277098712862043	0.7122289158446998
chrX	147525000	148550000	0.8164929657487535	0.03562390973072122	chrX	147525000	148550000	0.8164929657487535	0.10433665981473553
