chr1	2900000	3350000	0.8242640687119285	0.0	chr1	2725000	3350000	0.7131067872096135	0.02856915219677092
chr1	8425000	8925000	0.9166666666666666	3.4093909361377017	chr1	8425000	8925000	0.9166666666666666	2.5741015080893894
chr1	10500000	11050000	0.8744743347942345	2.877940521637066	chr1	10525000	11050000	0.6277753129999879	3.736740155453209
chr1	16350000	16825000	0.8242640687119284	5.116759813381557	chr1	16350000	16800000	0.9414213562373096	4.254934118606487
chr1	17250000	17725000	0.7071067811865475	4.847151329677629	chr1	17225000	17725000	0.9511844635310911	5.613513236043829
chr1	21000000	21525000	0.9163162231961564	4.5292743676091485	chr1	21050000	21525000	1.0	6.67898738780421
chr1	21525000	22000000	1.0	6.349900420738925	chr1	21525000	21975000	0.8	2.848330825093853
chr1	34025000	35225000	0.817395898624397	0.0	chr1	34075000	35225000	0.8018955384569832	0.0028825085331213654
chr1	38500000	39025000	0.7031553328075533	0.0	chr1	38500000	39050000	0.7361359120657514	0.03562390973072122
chr1	49025000	50500000	0.7266651845994037	0.007195501404203767	chr1	49250000	50550000	0.6838318909269884	0.030924573194900707
chr1	53200000	53675000	0.7071067811865475	3.365972427593384	chr1	53175000	53675000	0.7071067811865475	3.9142228064832025
chr1	54550000	55000000	0.9023689270621825	3.2446968178044897	chr1	54550000	55000000	0.9023689270621825	3.5935031724241098
chr1	56650000	57225000	1.0	2.2357270598380583	chr1	56800000	57250000	0.7071067811865475	0.09423606984576553
chr1	68925000	69950000	0.7547304604743952	2.060047383669939	chr1	68900000	69825000	0.7772987265553818	2.7745235295902315
chr1	71025000	71550000	0.9078689325833262	2.8728287595348854	chr1	70975000	71575000	0.9581581115980782	6.53954658023841
chr1	78025000	78600000	0.8698252360829101	4.1860363973658705	chr1	77975000	78625000	0.9583333333333333	5.495146922054716
chr1	86175000	86775000	0.882842712474619	1.710393192170516	chr1	86200000	86800000	0.882842712474619	0.04963076772460043
chr1	89400000	89925000	1.0	2.021874499622763	chr1	89400000	89900000	1.0	2.593486573027695
chr1	91950000	92425000	1.0	1.805292455600712	chr1	91950000	92425000	1.0	4.269407240854037
chr1	94375000	94875000	1.0	3.9389130506073644	chr1	94400000	94925000	1.0	1.97330513333458
chr1	101350000	101975000	0.8214121732666124	6.020635539407218	chr1	101375000	101825000	1.0	5.2128935326997
chr1	107700000	108275000	0.934912618041455	0.0	chr1	107750000	108300000	0.9633883476483185	0.0
chr1	110600000	111075000	0.9023689270621824	5.29527405093359	chr1	110600000	111050000	1.0	5.729382823693707
chr1	112325000	112875000	0.7071067811865475	0.014355292977070055	chr1	112325000	112875000	0.7071067811865475	0.0
chr1	116625000	117125000	1.0	5.317141234943323	chr1	116625000	117100000	1.0	6.738587713815891
chr1	117125000	117675000	0.9511844635310913	2.4613040329700677	chr1	117100000	117625000	1.0	4.437579693476229
chr1	118550000	119525000	0.7027570815673689	0.0	chr1	118575000	119575000	0.70790160632377	0.02856915219677092
chr1	150500000	150950000	0.7071067811865475	4.33303605276515	chr1	150500000	150975000	0.8242640687119285	5.515481507256175
chr1	150950000	152025000	0.8174448988027784	5.381096979515527	chr1	151225000	152000000	0.8029482191318293	5.331205154558454
chr1	152025000	152500000	0.8535533905932737	0.0	chr1	152000000	152500000	1.0	3.968182934086813
chr1	159075000	159750000	0.8197580191917215	4.143352599446622	chr1	159075000	159725000	0.7508673033404712	0.02068985876718501
chr1	160625000	161100000	0.9023689270621824	4.230140555187898	chr1	160650000	161125000	0.9	4.667277155615822
chr1	162800000	163350000	0.9267766952966369	5.62238133145182	chr1	162825000	163325000	0.8744743347942345	4.04745114041639
chr1	165925000	166500000	0.9163162231961565	0.03210084316702408	chr1	165925000	166400000	0.7535533905932736	0.13750352374993502
chr1	169350000	169850000	1.0	1.3586072491178105	chr1	169350000	169850000	1.0	3.3490821463910887
chr1	169850000	170400000	0.9633883476483185	1.7683607904417404	chr1	169850000	170400000	0.9633883476483185	2.556633777662662
chr1	170925000	171425000	0.8535533905932736	0.045442970761167115	chr1	170925000	171425000	0.8535533905932736	0.045442970761167115
chr1	172725000	173225000	0.6380711874576983	4.304876050044889	chr1	172700000	173175000	0.782842712474619	0.0
chr1	174200000	174675000	0.9267766952966369	0.22650852980867975	chr1	174225000	174700000	0.882842712474619	0.292781749227846
chr1	175375000	175850000	1.0	0.09761079662642234	chr1	175350000	175875000	1.0	0.0
chr1	176200000	176850000	0.9733733437442316	0.0	chr1	176300000	176900000	1.0	0.014355292977070055
chr1	176850000	177925000	0.7849777444562808	0.014355292977070055	chr1	176900000	177925000	0.7742864194292044	0.025028794491522448
chr1	181475000	182025000	0.9163162231961564	0.0	chr1	181425000	182025000	0.9999999999999999	0.0
chr1	185200000	185675000	0.8535533905932737	4.056583528366368	chr1	185175000	185675000	0.8535533905932737	6.6408956293285675
chr1	185675000	186300000	1.0	2.920293300211007	chr1	185675000	186325000	0.9467466874884631	0.1342209397606334
chr1	196675000	197125000	0.882842712474619	0.5087908202357521	chr1	196650000	197100000	0.882842712474619	0.06465295834225354
chr1	197425000	197925000	1.0	1.5418452024208789	chr1	197500000	197950000	1.0	2.0851980134054777
chr1	198925000	199575000	0.8851100286299701	0.0	chr1	198725000	199575000	0.9563836415690856	0.0
chr1	208800000	209450000	1.0	0.0	chr1	208800000	209400000	1.0	0.0
chr1	210600000	211350000	0.9816941738241592	0.0	chr1	210575000	211325000	0.9816941738241592	0.0
chr1	211350000	211850000	0.8373467368390075	2.7574500162312905	chr1	211325000	211850000	0.790790557990391	4.224734898030627
chr1	219625000	220100000	1.0	0.0	chr1	219475000	219975000	1.0	0.0
chr1	220425000	221000000	0.9163162231961564	2.3403248860491788	chr1	220375000	220975000	1.0	2.987775616142913
chr1	224650000	225125000	1.0	1.424922088210688	chr1	224650000	225100000	0.9267766952966369	6.096662452337225
chr1	225125000	225600000	1.0	0.0	chr1	225100000	225550000	0.9414213562373096	0.0
chr1	227150000	227675000	0.7907905579903909	4.135452784185173	chr1	227125000	227650000	0.8242640687119284	4.810186007695356
chr1	228225000	228775000	0.9078689325833263	6.583313479943215	chr1	228225000	228775000	0.9078689325833263	5.711035961190232
chr1	236250000	236700000	1.0	3.3610664887943207	chr1	236225000	236725000	0.9023689270621825	3.4274720870862887
chr1	241675000	242225000	0.7479422850033064	2.7302517694376864	chr1	241650000	242175000	0.9023689270621824	5.297872662307126
chr1	246175000	246650000	1.0	0.0	chr1	246000000	246650000	0.9511844635310912	0.0
chr1	246950000	247575000	0.8621320343559642	2.4071584880224113	chr1	246950000	247525000	0.9267766952966369	3.842835201439171
chr10	1425000	2825000	0.7380569362534095	0.0	chr10	1775000	2875000	0.7833210058632073	0.0
chr10	8550000	9350000	0.8071737311592615	0.0	chr10	8525000	9350000	0.8394854338494964	0.0
chr10	9350000	9950000	0.9309016994374948	0.0	chr10	9350000	10025000	0.8973139127471974	0.0
chr10	9950000	11100000	0.8036658460843125	3.1164479355116574	chr10	10025000	11475000	0.7748770663195529	2.409390936137702
chr10	12275000	12725000	1.0	0.33913738491958556	chr10	12250000	12750000	1.0	0.03562390973072122
chr10	15450000	15900000	0.882842712474619	0.021479727410451396	chr10	15450000	15900000	0.882842712474619	0.007195501404203767
chr10	15900000	16450000	0.9581581115980782	2.422233000683048	chr10	15900000	16375000	1.0	3.8021932169418253
chr10	16850000	17350000	1.0	10.222405503751695	chr10	16850000	17300000	1.0	6.419833804864388
chr10	17350000	18000000	0.9279187982896862	2.63876894441695	chr10	17300000	17825000	0.9511844635310913	2.9861833628813717
chr10	19025000	20050000	0.744396013079213	0.0	chr10	19000000	20125000	0.7756924394512779	0.35332329116289674
chr10	21075000	21525000	0.882842712474619	0.8094144442358984	chr10	21100000	21575000	0.9511844635310913	0.5285713188707577
chr10	22825000	23375000	0.9163162231961565	2.231893161645331	chr10	22850000	23400000	0.8373467368390076	3.832214911185231
chr10	23375000	23850000	0.9414213562373096	1.9690123075163162	chr10	23400000	23850000	0.8894427190999916	0.10936055940423045
chr10	24875000	25400000	1.0	2.9579145986329856	chr10	24850000	25400000	1.0	4.549515160046773
chr10	28025000	28525000	0.5303300858899106	0.35049724708413316	chr10	28000000	28475000	0.618718433538229	0.0
chr10	33625000	34925000	0.7239086112996135	6.277891787150186	chr10	34000000	34925000	0.793428479767525	0.0
chr10	43625000	44125000	0.8333333333333334	4.020273593277459	chr10	43625000	44175000	0.7560934459608026	5.413183629005869
chr10	44875000	45425000	0.9581581115980783	0.20163386116965043	chr10	44900000	45400000	1.0	0.0
chr10	54000000	54600000	1.0	5.949826710759111	chr10	54000000	54575000	0.9023689270621824	0.0
chr10	64900000	65625000	0.9288391973670659	3.5768244312774793	chr10	64925000	65550000	1.0	4.270528942380718
chr10	66800000	68000000	0.8017778760669187	0.0	chr10	66475000	67950000	0.7395483546348368	0.0
chr10	68000000	68700000	0.9098790095958609	0.0	chr10	67950000	68725000	0.7749859704614351	0.0
chr10	69575000	70150000	0.926776695296637	2.3084690553786364	chr10	69525000	70150000	0.9414213562373096	4.350800302445166
chr10	71450000	72225000	0.9511844635310913	3.380339056121004	chr10	71450000	72250000	0.9537537022926127	5.453284354297649
chr10	75525000	75975000	0.9267766952966369	5.257062063717089	chr10	75550000	76000000	0.882842712474619	5.639211487008463
chr10	75975000	76450000	0.8707106781186548	0.0	chr10	76000000	76475000	0.8535533905932736	0.0
chr10	77050000	77775000	0.9023689270621826	2.4475791965488827	chr10	77050000	77825000	0.9138549356431023	0.0
chr10	81300000	81825000	0.9999999999999999	0.07450543636362976	chr10	81325000	81800000	1.0	0.1424134378737413
chr10	91000000	91550000	0.8157378651666526	1.721251123312232	chr10	91000000	91575000	0.9674563090207274	1.6616989353784373
chr10	93750000	94275000	1.0	2.924575003392735	chr10	93775000	94250000	0.882842712474619	3.2199429139541254
chr10	95300000	96025000	0.8357022603955158	0.6599245584023783	chr10	95325000	96000000	0.810425685071749	1.6979008788745589
chr10	96375000	96875000	0.665685424949238	0.02856915219677092	chr10	96350000	96875000	0.9023689270621824	0.012568673503055681
chr10	102750000	103325000	0.9047619047619048	4.123868487679077	chr10	102725000	103325000	0.7808207067486249	2.9925418591091124
chr10	112850000	113825000	0.7352404683733947	0.0	chr10	113050000	113850000	0.8167516530192332	0.0
chr10	114250000	114925000	0.8197580191917216	2.527320607877047	chr10	114275000	114925000	0.7803300858899107	0.269033146455237
chr10	114925000	115425000	0.8744743347942348	0.010779838753242761	chr10	114925000	115425000	0.8744743347942348	0.0
chr10	115425000	115950000	1.0	1.830610274357907	chr10	115425000	115950000	1.0	2.386983342366655
chr10	120250000	120825000	0.9023689270621824	1.5327325419485986	chr10	120300000	120800000	0.9163162231961564	2.1672508671439865
chr10	120825000	121300000	0.9023689270621824	4.7552614857338495	chr10	120800000	121325000	0.9166666666666666	6.009474080361755
chr10	122100000	122675000	0.934912618041455	4.636914580355878	chr10	122125000	122675000	1.0	3.763057408507534
chr10	122675000	123425000	0.7417043560929107	0.02856915219677092	chr10	122675000	123450000	0.8278815151329406	0.0
chr10	124800000	125325000	0.8326324463923127	4.988230223060457	chr10	124775000	125325000	0.8535533905932737	6.229972385112252
chr10	126850000	127500000	1.0	4.492494151679431	chr10	126775000	127425000	0.8432400654769225	2.898530850563238
chr10	132000000	133300000	0.732300748008643	0.0	chr10	132050000	133300000	0.7125687274615006	0.0
chr11	1100000	1600000	1.0	3.8088998392577693	chr11	1100000	1625000	1.0	2.2428565238961635
chr11	2925000	3450000	0.44891539608472936	3.9974931443894253	chr11	2950000	3425000	0.7651650429449554	5.012149614319557
chr11	8175000	8625000	1.0	0.25701061820602394	chr11	8175000	8625000	1.0	0.026209879322848628
chr11	9800000	10375000	0.8342081963644199	3.9667073141503155	chr11	9775000	10400000	0.828534569287875	3.0992952043377757
chr11	17575000	18050000	0.9414213562373096	1.5777309314900805	chr11	17600000	18050000	0.7885800941716263	2.4181899479457662
chr11	20700000	22150000	0.6696849628869794	0.0	chr11	20675000	22325000	0.6668875798468815	0.09085343045111348
chr11	26700000	27150000	1.0	0.0	chr11	26725000	27175000	0.882842712474619	0.023846741954367666
chr11	27600000	28075000	1.0	1.7202784652333272	chr11	27575000	28025000	0.9267766952966369	0.0
chr11	28575000	29400000	0.840802583309161	0.0	chr11	28425000	29375000	0.80578777320132	0.0
chr11	40250000	42625000	0.45436692870718176	0.0	chr11	40750000	43300000	0.4255067532063075	0.0
chr11	43300000	43850000	0.8744743347942348	4.833396134163228	chr11	43300000	43875000	0.8317900470858133	5.978043052341243
chr11	44100000	44575000	0.8242640687119285	4.343940739267817	chr11	44125000	44600000	1.0	1.4956951626240689
chr11	45375000	45850000	0.7071067811865475	2.7253776198909945	chr11	45375000	45825000	0.7071067811865475	0.6384600492137811
chr11	46350000	46825000	0.9414213562373096	6.49451339401456	chr11	46375000	46850000	0.7011844635310913	5.36312726282903
chr11	59575000	60100000	1.0	2.6430480542527555	chr11	59550000	60050000	0.823966707566624	4.236454350100795
chr11	60475000	61025000	0.8744743347942345	4.093496794891906	chr11	60475000	60975000	0.8326324463923129	2.785027362235466
chr11	62650000	63225000	1.0	0.003088181787570462	chr11	62650000	63200000	0.9267766952966369	0.004116108472231951
chr11	65375000	65825000	1.0	6.884444070898765	chr11	65375000	65825000	1.0	5.403267722339301
chr11	68275000	68850000	0.9023689270621824	3.4156572741590003	chr11	68325000	68850000	1.0	4.910732661902912
chr11	70300000	71525000	0.8580705517710444	4.220368653261846	chr11	70300000	71250000	0.8024667482949913	5.151128194345917
chr11	75900000	76425000	0.9511844635310913	3.8999489861896723	chr11	75900000	76400000	1.0	4.188559175581363
chr11	76825000	77350000	1.0	3.313608657030487	chr11	76850000	77350000	0.804737854124365	5.948624207003737
chr11	77350000	77800000	1.0	5.400879436282184	chr11	77350000	77875000	0.9163162231961565	5.459779954645226
chr11	77800000	78325000	0.8535533905932736	3.6553518286125546	chr11	77875000	78325000	0.8242640687119285	3.6574971004441106
chr11	78325000	78875000	0.7316171919370917	0.0	chr11	78325000	78825000	0.8326324463923129	0.0
chr11	83000000	83575000	1.0	0.0	chr11	83000000	83550000	0.9581581115980783	0.0
chr11	84350000	85250000	0.9733733437442316	0.0	chr11	84300000	85275000	0.8799525697203467	0.0
chr11	86050000	86600000	0.8326324463923127	6.0932502857002095	chr11	86025000	86600000	0.9267766952966369	0.13531596451217093
chr11	86600000	87100000	1.0	4.582857034844238	chr11	86600000	87050000	1.0	4.2299723851122515
chr11	88325000	88775000	0.7071067811865475	0.0	chr11	88275000	88775000	0.9023689270621825	0.0
chr11	92975000	93575000	0.8468133715066268	3.3541465123212615	chr11	92950000	93550000	0.8734919064303392	5.417711894481196
chr11	105975000	107100000	0.7322533259549495	0.021479727410451396	chr11	105975000	107350000	0.6899589137237575	1.9745293124838819
chr11	108950000	109725000	0.774027498318807	0.0	chr11	108900000	109750000	0.7857294709241727	0.0
chr11	113700000	114175000	1.0	6.108440819858763	chr11	113675000	114150000	0.9267766952966369	2.9227687229171266
chr11	114175000	114625000	0.8535533905932737	4.743507274312533	chr11	114150000	114625000	1.0	5.407158488022412
chr11	114625000	115075000	0.7071067811865475	0.0	chr11	114625000	115150000	0.68977530353517	0.0
chr11	116075000	116625000	1.0	0.0	chr11	116125000	116600000	1.0	0.0
chr11	116625000	117075000	0.9023689270621825	4.128004635113187	chr11	116600000	117075000	1.0	3.8872328029146126
chr11	117975000	118475000	0.8744743347942345	4.790327412271342	chr11	118000000	118475000	0.7181067922288351	5.756811383764242
chr11	126375000	126925000	1.0	0.0036022366801955253	chr11	126400000	126950000	1.0	0.0
chr11	129225000	129675000	1.0	0.0	chr11	129200000	129675000	1.0	0.0
chr11	130275000	130800000	0.9023689270621825	2.841469999465799	chr11	130300000	130800000	0.8744743347942345	2.2218770810770336
chr11	130800000	131525000	0.922985434560398	0.6553518286125541	chr11	130800000	131575000	0.8894894319740966	0.0
chr11	132950000	133750000	0.8758286645015301	0.0	chr11	132900000	133750000	0.8698480531902895	0.0
chr12	1200000	1700000	0.9023689270621824	0.08406426478847455	chr12	1225000	1700000	0.9023689270621824	1.9927684307689242
chr12	1700000	2150000	0.6894427190999916	2.9373443921502327	chr12	1700000	2150000	0.6894427190999916	3.133399125417198
chr12	3950000	4425000	0.7071067811865475	1.1779177921958432	chr12	3950000	4425000	0.7071067811865475	3.977508904540139
chr12	7350000	7800000	1.0	0.6135316529179269	chr12	7325000	7775000	0.882842712474619	2.0435194936627425
chr12	9800000	10375000	1.0	2.377036962650026	chr12	9825000	10350000	0.9023689270621826	2.269567537334736
chr12	10375000	10925000	0.9581581115980783	3.1101961777542	chr12	10350000	10925000	0.934912618041455	2.8698714061777126
chr12	11700000	12200000	1.0	3.439623137557117	chr12	11675000	12200000	0.6962758206483151	1.837943241891027
chr12	22875000	23325000	0.9414213562373096	0.0	chr12	22875000	23325000	0.9414213562373096	0.0
chr12	25575000	26225000	0.9707106781186547	2.12515513132229	chr12	25575000	26225000	0.9707106781186547	0.09423606984576553
chr12	29175000	29625000	1.0	3.752748591407134	chr12	29175000	29675000	0.8102378596455089	3.5224638354922546
chr12	30975000	31425000	0.882842712474619	3.044831233447811	chr12	30975000	31425000	0.882842712474619	4.23783136909528
chr12	51750000	52250000	1.0	2.9395400367280056	chr12	51775000	52250000	1.0	1.591360271919307
chr12	54625000	55525000	0.9273229184672256	5.7627161811248575	chr12	54875000	55550000	0.9549395047979304	2.232660756790275
chr12	55525000	56075000	0.9163162231961564	0.0062381722112198786	chr12	55550000	56075000	0.9023689270621824	0.011495638837829439
chr12	56475000	57100000	0.7759576278120671	8.645087751289113	chr12	56450000	57100000	0.9511844635310912	8.602316825774963
chr12	59575000	60200000	0.95	0.7676547982373466	chr12	59525000	60400000	0.9527918940162216	0.0036022366801955253
chr12	60950000	62600000	0.6700763494727839	0.0	chr12	60900000	62575000	0.6553667806395093	0.0
chr12	65200000	65650000	1.0	1.6028844087184186	chr12	65200000	65700000	0.9285714285714286	2.425817338032086
chr12	65950000	66525000	1.0	2.08831123588866	chr12	65900000	66475000	0.8053311757325766	0.1505596765753811
chr12	67750000	68400000	0.8607022603955159	2.2839217723076177	chr12	67775000	68375000	0.911900753465172	3.3554391972486863
chr12	68575000	69225000	0.9733733437442317	3.94778302625542	chr12	68625000	69200000	1.0	5.686803974807671
chr12	76950000	77400000	0.9267766952966369	3.265286857565173	chr12	76975000	77425000	1.0	4.62862780216015
chr12	89400000	89925000	1.0	4.86956299961785	chr12	89375000	89900000	1.0	0.13750352374993502
chr12	92550000	93075000	0.8894427190999916	0.0	chr12	92550000	93075000	0.8894427190999916	0.0
chr12	93375000	93850000	1.0	5.537063054889595	chr12	93400000	93850000	0.9414213562373095	7.472447154476553
chr12	99450000	100150000	0.9324092571968957	0.0	chr12	99425000	100350000	0.8288142405001877	0.0
chr12	103250000	103925000	1.0	0.0	chr12	103250000	103975000	0.9633883476483185	0.010779838753242761
chr12	112925000	113425000	0.8326324463923128	2.1981012093248227	chr12	112900000	113375000	0.9023689270621825	0.0036022366801955253
chr12	113900000	114425000	0.6481812160876684	2.5071603491175236	chr12	113875000	114400000	0.882842712474619	0.1309308698264487
chr12	114425000	115050000	0.8459708691207961	0.0	chr12	114400000	115050000	0.8767766952966368	3.2016338611696504
chr12	120975000	121450000	0.8535533905932737	3.8645752925447185	chr12	121000000	121450000	1.0	4.477908569457945
chr12	124825000	125350000	1.0	4.048759311919856	chr12	124850000	125300000	1.0	1.7655347463629771
chr12	129400000	130475000	0.7661490309401607	0.007195501404203767	chr12	129675000	130475000	0.735026052782389	0.0
chr13	21025000	21500000	1.0	3.116863757690899	chr13	21025000	21500000	1.0	2.9844070653106143
chr13	22225000	23325000	0.8912898284789387	0.0	chr13	22425000	23325000	0.9647633490286045	0.0
chr13	28850000	29400000	1.0	3.228818690495881	chr13	28875000	29400000	1.0	4.624685810525398
chr13	34700000	35750000	0.8033380228207635	1.6667565918848035	chr13	34500000	35775000	0.7004500345438018	0.021479727410451396
chr13	35750000	36300000	0.7071067811865475	0.03562390973072122	chr13	35775000	36475000	0.8197580191917215	0.0
chr13	36850000	37350000	0.882842712474619	2.3149036457543937	chr13	36875000	37325000	0.9267766952966369	3.0085406717029533
chr13	37650000	38175000	0.8535533905932736	0.16992500144231237	chr13	37675000	38175000	0.8535533905932736	0.007195501404203767
chr13	38175000	38675000	0.8535533905932736	0.03562390973072122	chr13	38175000	38675000	0.8535533905932736	0.007195501404203767
chr13	39550000	40250000	0.8710543208004561	3.3943769449570547	chr13	39500000	40250000	0.933025126933709	3.069530325162305
chr13	42250000	42825000	1.0	1.3785116232537298	chr13	42250000	42875000	1.0	3.545968369105293
chr13	45050000	45575000	0.9285714285714286	4.017179589976827	chr13	45050000	45550000	0.8030457633656631	4.457791260256042
chr13	46100000	46725000	0.9545454545454546	0.6870606883398924	chr13	46100000	46700000	0.9121320343559642	0.9634741239748861
chr13	50525000	51100000	0.7907905579903911	2.412329906915352	chr13	50525000	51125000	0.8901650429449552	4.2281773501692985
chr13	53825000	54300000	0.7071067811865475	0.0	chr13	53775000	54300000	0.7071067811865475	0.0
chr13	58150000	59500000	0.7120453877267721	1.3132458517875616	chr13	58150000	59900000	0.6012581162232975	0.0
chr13	60500000	61000000	0.8658085959685459	1.9136075118230995	chr13	60475000	61000000	0.882842712474619	3.115199749385445
chr13	62100000	62625000	0.6060915267313264	0.0	chr13	62000000	62625000	0.7548455326271913	0.0
chr13	62625000	63650000	0.8156441646077002	0.0	chr13	62625000	63675000	0.7765318668668894	0.0
chr13	63650000	64400000	0.8241416258873914	0.0	chr13	63675000	64400000	0.7948446513295125	0.0
chr13	65050000	66200000	0.7921246583849426	0.0	chr13	65050000	66225000	0.8001883271305346	0.0
chr13	67850000	68875000	0.829560033204994	0.0	chr13	67825000	69075000	0.7488715716040933	0.0
chr13	71150000	71800000	0.9023689270621825	0.0	chr13	71175000	71850000	0.8401605638194518	0.0
chr13	71800000	72500000	0.8239667075666242	2.73226919950145	chr13	71850000	72575000	0.8055679560328757	0.04264433740849372
chr13	73675000	74300000	0.765685424949238	0.0	chr13	73800000	74325000	0.7071067811865475	0.0
chr13	77025000	77575000	1.0	4.559083868895551	chr13	77100000	77575000	1.0	1.7935491225325737
chr13	89650000	90325000	0.6849872946988901	0.0	chr13	89675000	90425000	0.741878918368948	0.0
chr13	96100000	96625000	0.844887651767585	3.1937717433966797	chr13	96125000	96675000	0.9581581115980783	2.1333991254171982
chr13	96925000	97625000	0.735950061349936	0.0	chr13	96675000	97650000	0.680115257334084	2.386351123347722
chr13	107825000	108325000	0.68977530353517	0.0	chr13	107825000	108500000	0.8879788139060335	0.0
chr13	109550000	110450000	0.8291456223588194	1.1795110502715103	chr13	109575000	110550000	0.7674856354936855	0.47508488294878287
chr13	113100000	113575000	0.8888888888888888	3.232277010268292	chr13	113100000	113575000	0.8888888888888888	2.2816982500988297
chr14	20125000	20725000	0.6551281440492296	0.0009614762374450874	chr14	20150000	20775000	0.765685424949238	0.6343028416625135
chr14	21100000	21625000	0.7894427190999915	5.247972709948685	chr14	21100000	21625000	0.7894427190999915	3.3934946525796086
chr14	24450000	24950000	0.8153009687409354	4.661001326921285	chr14	24450000	24950000	0.8153009687409354	3.84213659498155
chr14	28675000	29150000	0.882842712474619	0.0	chr14	28625000	29175000	0.7955048484370858	0.0
chr14	30000000	30450000	1.0	0.0	chr14	30000000	30475000	1.0	0.0
chr14	34300000	34800000	0.9163162231961564	0.0	chr14	34275000	34775000	1.0	0.0
chr14	45300000	45800000	0.8744743347942346	2.7513719009174684	chr14	45325000	45775000	0.7071067811865475	4.068793629806269
chr14	51725000	52225000	0.9511844635310913	5.682854168572235	chr14	51750000	52250000	0.7258400327199659	0.5459683691052926
chr14	53825000	54425000	1.0	7.6729909938277485	chr14	53775000	54300000	0.8744743347942348	0.0
chr14	54425000	54875000	0.9267766952966369	6.842664621825004	chr14	54300000	54825000	1.0	0.0
chr14	57925000	58600000	0.8190355937288492	0.0	chr14	57875000	58550000	0.9511844635310913	0.0
chr14	58950000	59550000	1.0	0.18903382439001712	chr14	58950000	59550000	1.0	0.10433665981473553
chr14	62650000	63550000	0.8008326112068522	0.0	chr14	62650000	63800000	0.7402251626950558	0.33055840003080245
chr14	66250000	66825000	0.804737854124365	0.0	chr14	66150000	66750000	0.882842712474619	0.0
chr14	67825000	68300000	0.8242640687119285	3.675425115772104	chr14	67825000	68300000	0.8242640687119285	5.282168896441592
chr14	71550000	72300000	0.910533371191225	2.363171077119244	chr14	71525000	72225000	0.916477966336392	1.569248029867182
chr14	72300000	72925000	0.9674563090207274	0.0	chr14	72225000	72925000	0.853962241308869	0.0
chr14	72925000	73500000	0.9285714285714286	3.392088405389457	chr14	72925000	73425000	0.6637912502387826	3.5888645181901477
chr14	77600000	78275000	0.9390082139374268	3.7670414193335358	chr14	77600000	78150000	0.9166666666666667	3.998299670113734
chr14	78900000	79350000	1.0	0.0	chr14	78925000	79375000	0.7535533905932736	0.0
chr14	88900000	89475000	0.9674563090207275	3.9517509652872262	chr14	88725000	89475000	0.8642766952966369	4.126945332051358
chr14	90750000	91650000	0.9490620489020083	6.357710340506737	chr14	90700000	91775000	0.8781969316759266	4.86195536414487
chr14	91975000	92600000	1.0	4.463687842201262	chr14	91925000	92425000	0.8867295401695068	2.6535186707536
chr14	103450000	103950000	1.0	5.538320873917685	chr14	103475000	104000000	0.9210305136428512	6.326814668019235
chr14	104525000	105125000	0.9121320343559642	0.6762674082658896	chr14	104525000	105150000	0.85	0.02290040211007883
chr14	106000000	106500000	0.9163162231961564	0.0	chr14	106000000	106475000	1.0	0.16992500144231237
chr15	27075000	27625000	0.790790557990391	0.01197264166607594	chr15	27100000	27575000	0.7071067811865475	1.4276061727818998
chr15	28875000	29375000	0.9511844635310911	1.6622054996536166	chr15	28875000	29375000	0.9511844635310911	3.683696454306516
chr15	29375000	29925000	0.7768725685582909	2.474436043252265	chr15	29375000	29925000	0.7768725685582909	2.4613975899261584
chr15	29925000	30450000	0.9023689270621824	3.4705368650925825	chr15	29925000	30600000	0.9390082139374267	3.056583528366368
chr15	30825000	31475000	0.8706011329583297	2.9560566524124035	chr15	30950000	31450000	1.0	3.250203656499297
chr15	32925000	33550000	0.9414213562373095	0.8652589951760239	chr15	32925000	33550000	0.9414213562373095	0.06809751638340833
chr15	33550000	34025000	1.0	0.0	chr15	33550000	34000000	1.0	0.0
chr15	37450000	38225000	0.9330251269337091	0.0	chr15	37450000	38225000	0.9330251269337091	0.0
chr15	38225000	38700000	0.8535533905932736	0.8237493603082728	chr15	38225000	38700000	0.8535533905932736	2.1210154009613658
chr15	39425000	39900000	0.9511844635310911	11.03361915618213	chr15	39375000	39900000	0.8242640687119285	0.20163386116965043
chr15	41175000	41675000	1.0	4.184924919205634	chr15	41175000	41675000	1.0	5.154868729042667
chr15	41675000	42175000	0.882842712474619	2.5861642459309095	chr15	41675000	42175000	0.882842712474619	3.521992956401672
chr15	43625000	44100000	1.0	6.198303834601955	chr15	43625000	44125000	1.0	5.761189220531185
chr15	48625000	49150000	1.0	5.179212448378508	chr15	48600000	49100000	1.0	5.002364982057156
chr15	51225000	51825000	0.9707106781186547	1.3561438102252752	chr15	51225000	51750000	1.0	0.1505596765753814
chr15	58500000	59175000	0.9511844635310913	3.8535965062025124	chr15	58500000	59200000	0.9549395047979304	6.334854269331632
chr15	59450000	59950000	0.8535533905932736	3.6504199251922103	chr15	59450000	59975000	0.8157378651666526	4.348090749377039
chr15	59950000	60600000	0.9051189298227544	4.398715193976912	chr15	59975000	60575000	0.9447213595499957	3.9037613651280774
chr15	61425000	62100000	0.9511844635310913	2.9240998856407416	chr15	61425000	62125000	0.8554861802738187	0.0
chr15	63375000	63900000	0.7907905579903911	4.123678019448717	chr15	63375000	63950000	0.8446148857984959	4.302841255696595
chr15	63900000	64425000	0.9023689270621825	4.638653116466112	chr15	63950000	64425000	1.0	6.034358797807936
chr15	69275000	69750000	0.9414213562373095	9.223422549934938	chr15	69300000	69750000	1.0	8.276694389897623
chr15	77225000	77850000	1.0	6.740775810385772	chr15	77225000	77850000	1.0	5.2849859967963075
chr15	79600000	80150000	1.0	6.681624953058382	chr15	79600000	80100000	1.0	5.120497098444245
chr15	80575000	81250000	1.0	0.828631581688019	chr15	80550000	81250000	0.9372371673971174	0.07860983469636647
chr15	81250000	81700000	0.875	2.6513387661059307	chr15	81250000	81700000	0.875	3.47064531801809
chr15	84300000	84775000	0.882842712474619	0.0	chr15	84300000	84775000	0.882842712474619	0.014355292977070055
chr15	85775000	86400000	0.8238015069303439	3.4346282276367246	chr15	85750000	86425000	0.9279187982896862	0.1309308698264487
chr15	96900000	97800000	0.8979898987322334	0.14077865578279594	chr15	96900000	97825000	0.7495822700644303	0.07724299893246035
chr15	97800000	98375000	0.9349126180414551	0.0	chr15	97825000	98375000	0.9267766952966369	0.0
chr15	99800000	100375000	1.0	2.7843294809588808	chr15	99775000	100325000	0.8571428571428572	1.777306985883865
chr15	100375000	101125000	0.9349663053529362	0.06695024392462703	chr15	100325000	100900000	0.9511844635310913	0.02856915219677092
chr16	775000	1350000	0.934912618041455	2.7334748614811035	chr16	775000	1325000	1.0	2.394529385261601
chr16	1350000	1850000	0.9581581115980783	5.012345190419828	chr16	1325000	1800000	0.9511844635310913	4.387069532589274
chr16	3075000	3625000	1.0	4.184901209015104	chr16	3050000	3625000	0.7439104641214608	2.6826165118645253
chr16	3950000	4475000	0.9581581115980783	3.7506065048355928	chr16	3975000	4475000	0.9511844635310913	4.086708293617612
chr16	4725000	5175000	0.8333333333333334	3.8132852463542424	chr16	4725000	5225000	0.8102378596455088	3.200849574637213
chr16	9275000	10300000	0.8738581944301391	0.03562390973072122	chr16	9275000	10300000	0.8738581944301391	0.0
chr16	11450000	11950000	0.9414213562373096	4.310521900369324	chr16	11450000	11925000	0.7414213562373095	3.5687617827979046
chr16	14350000	14875000	0.7269045263121754	3.1792456294187907	chr16	14350000	14875000	0.7269045263121754	3.7529269551386943
chr16	14875000	15400000	0.7669223286977438	5.604931226810901	chr16	14875000	15400000	0.7669223286977438	5.135452784185173
chr16	15825000	16450000	1.0	4.93443786989014	chr16	15850000	16350000	0.9023689270621824	4.6953257440815745
chr16	19950000	20400000	0.9414213562373095	0.0	chr16	19925000	20375000	0.8535533905932737	0.0
chr16	22550000	23150000	0.8372815451036375	0.0	chr16	22550000	23100000	0.8535533905932737	0.0
chr16	25300000	25850000	0.7402829307627804	0.0	chr16	25300000	25900000	0.8372815451036375	0.0
chr16	25850000	27125000	0.6477799240392165	0.0	chr16	25900000	27125000	0.7662119504946596	0.0
chr16	27525000	28125000	0.8901650429449554	4.186394908269405	chr16	27500000	28150000	0.8746654857781493	2.7008095925286812
chr16	29025000	29525000	0.9267766952966369	4.049739662696981	chr16	29025000	29500000	0.9511844635310913	4.354280871180127
chr16	29525000	30075000	0.6992038844285594	5.956611119784493	chr16	29500000	30100000	0.6551281440492296	6.6807287218006355
chr16	31500000	32125000	1.0	2.95624255474381	chr16	31450000	32050000	0.8414213562373095	3.3710360522997043
chr16	48225000	48725000	1.0	2.876025732722703	chr16	48225000	48700000	0.9267766952966369	3.7128708676899054
chr16	48725000	49375000	0.9201200312326947	0.021479727410451396	chr16	48700000	49400000	0.9163162231961564	0.0
chr16	49375000	50025000	0.8434433619633035	0.8094144442358984	chr16	49400000	50000000	0.9414213562373095	0.0
chr16	52100000	53025000	0.7536670743432536	0.0	chr16	52125000	53025000	0.882842712474619	0.0
chr16	55925000	56400000	0.9511844635310911	0.0	chr16	55925000	56375000	0.7885800941716263	0.056583528366367514
chr16	62225000	63350000	0.7983274202981665	0.0	chr16	62200000	63375000	0.7814230885870019	0.0
chr16	65175000	66325000	0.7566339220294706	0.0	chr16	65175000	66350000	0.7701967644283326	0.0
chr16	68350000	68875000	0.8326324463923127	1.4886435398537845	chr16	68375000	68900000	1.0	1.3972553455944274
chr16	69750000	70325000	0.9267766952966369	4.862306734347323	chr16	69750000	70275000	0.9210305136428512	4.562242424221073
chr16	70850000	71425000	0.7803300858899106	1.7845039829295668	chr16	70875000	71400000	0.6481812160876685	2.6561149574538807
chr16	71675000	72125000	1.0	4.2858645470318475	chr16	71700000	72150000	1.0	5.064925952489806
chr16	73275000	74025000	0.8223033905932737	0.0	chr16	73275000	73975000	0.7428349422686447	0.0
chr16	75800000	77200000	0.7492063519988275	0.0	chr16	75800000	77225000	0.7573511689879396	2.1932460756769316
chr16	88000000	88550000	1.0	0.5969351423872322	chr16	87975000	88550000	1.0	1.747029277510904
chr17	4525000	5000000	0.7535533905932736	6.243280634213685	chr17	4350000	5000000	0.8346456278799632	4.601419883941315
chr17	7550000	8025000	0.9414213562373096	5.309383007357143	chr17	7550000	8000000	0.9023689270621825	2.884380843794216
chr17	10775000	11850000	0.7639638878192998	0.0036022366801955253	chr17	10775000	12075000	0.7045646934777094	2.202417721575182
chr17	17550000	18025000	0.8535533905932737	4.019368330478469	chr17	17575000	18025000	0.8333333333333334	3.7345741495425244
chr17	18475000	19050000	0.9385792883888842	2.7801350890303156	chr17	18475000	18925000	0.875	3.0321008431670244
chr17	19050000	19775000	0.9186733684195038	3.341926463669984	chr17	19125000	19800000	0.9733733437442318	1.5238407107754703
chr17	20300000	20925000	0.9707106781186547	0.01197264166607594	chr17	20275000	20875000	0.86982523608291	0.8991756304805132
chr17	29125000	29750000	0.8454653676892976	1.8538142331502645	chr17	29150000	29700000	0.9078689325833263	3.13856875740703
chr17	32775000	33250000	0.7614223231766	0.0036022366801955253	chr17	32750000	33225000	0.9414213562373096	0.0
chr17	34175000	34850000	0.6108058171780211	2.0253510044405756	chr17	34150000	34850000	0.9385792883888842	2.458537108921203
chr17	34850000	35425000	0.9163162231961564	4.115199749385445	chr17	34850000	35475000	0.9467466874884631	5.243065148058767
chr17	36300000	36875000	0.9285714285714286	3.398639196661283	chr17	36300000	36900000	0.7146217337378686	3.7259394105981065
chr17	36875000	37400000	0.8867295401695069	7.522176911838772	chr17	36900000	37375000	0.7181067922288351	8.106786386108409
chr17	37650000	38100000	0.7071067811865475	3.7237925689405222	chr17	37675000	38125000	0.882842712474619	3.467757690690206
chr17	41425000	41900000	0.8242640687119284	3.336793444451286	chr17	41400000	41925000	0.867851130197758	2.9072111588896705
chr17	53925000	54575000	0.8563033933538456	0.12432813500220179	chr17	53950000	54550000	0.7982747501432694	0.021479727410451396
chr17	61475000	61925000	0.8157378651666526	5.170138718210482	chr17	61475000	61925000	0.8157378651666526	5.200666513081744
chr17	61925000	62475000	0.8571428571428572	7.179108752708664	chr17	61925000	62425000	0.882842712474619	2.7530404478512103
chr17	63550000	64175000	0.8668667187211581	0.611172380044005	chr17	63650000	64200000	0.9267766952966369	0.02856915219677092
chr17	64175000	64675000	0.9023689270621824	1.4999521590467824	chr17	64200000	64650000	1.0	3.3416300093299105
chr17	65975000	66500000	0.9581581115980782	5.578378083091516	chr17	66000000	66500000	0.9511844635310911	5.524241326345827
chr17	66750000	67250000	0.8535533905932737	1.8855743643714264	chr17	66750000	67300000	0.6791108393704739	0.5223068928713887
chr17	67550000	68175000	0.8305415260169906	1.62993940943954	chr17	67525000	68175000	0.8729061445127431	0.0
chr17	68175000	68675000	0.8744743347942345	0.0	chr17	68175000	68625000	0.882842712474619	0.0
chr17	68675000	70575000	0.5384694604967653	0.0	chr17	68625000	70600000	0.5437524752927209	0.0
chr17	70575000	71175000	1.0	1.9011082430145125	chr17	70600000	71175000	1.0	2.180307019969433
chr17	71425000	72200000	0.8052855460364261	6.695471910618629	chr17	71400000	72200000	0.816103015701069	8.846877193769211
chr18	2050000	2575000	0.9581581115980783	2.395748328179034	chr18	2100000	2550000	1.0	0.0
chr18	4100000	5050000	0.8804043998588336	0.014355292977070055	chr18	4075000	5050000	0.8590714142081313	0.14404636961670686
chr18	8600000	9050000	1.0	3.1325768426700082	chr18	8600000	9150000	0.9285714285714286	6.556141982100723
chr18	9975000	10550000	1.0	2.2387868595871163	chr18	10000000	10500000	0.8744743347942345	0.0
chr18	11625000	12075000	0.8242640687119285	2.9742998580037336	chr18	11600000	12050000	1.0	3.074034394212556
chr18	12700000	13150000	0.5324388287932569	3.5090623863618977	chr18	12675000	13125000	1.0	5.715673765548187
chr18	29725000	30175000	1.0	0.27798474729976524	chr18	29725000	30175000	1.0	0.1276332797258737
chr18	33900000	34375000	1.0	0.0	chr18	33900000	34500000	0.9121320343559642	7.4836948759660125
chr18	36150000	37175000	0.7637059777735897	0.0	chr18	36450000	37225000	0.8378023933599579	0.0
chr18	37175000	37750000	0.8111963317881369	0.0	chr18	37225000	37850000	1.0	0.0
chr18	43175000	43700000	0.8373467368390076	6.056980850588871	chr18	43175000	43700000	0.8373467368390076	6.245267466519512
chr18	43700000	44275000	0.9581581115980783	1.2750070474998698	chr18	43700000	44275000	0.9581581115980783	2.3589588258323295
chr18	44825000	45275000	1.0	0.0	chr18	44825000	45300000	1.0	0.0
chr18	48650000	49175000	0.7071067811865475	3.8037436685052253	chr18	48625000	49175000	0.7845177968644246	3.161887682376894
chr18	54700000	55225000	0.7788854381999831	0.0024024902153046133	chr18	54700000	55225000	0.7788854381999831	0.269033146455237
chr18	57700000	58275000	0.6678230711206281	0.0	chr18	57675000	58300000	0.6495093791412855	0.0
chr18	59850000	60300000	1.0	3.280585202564473	chr18	59825000	60275000	0.7236067977499789	3.140983104878425
chr18	60675000	61150000	1.0	2.439955517478156	chr18	60675000	61175000	0.9078689325833263	2.6811681204166913
chr18	61150000	61700000	1.0	1.019346088804812	chr18	61175000	61675000	1.0	0.01934608880481197
chr18	64125000	64825000	0.7997662356773686	0.0	chr18	64000000	64875000	0.7737231089338282	0.0
chr18	66350000	67075000	0.77734675684853	2.1333991254171987	chr18	66425000	66950000	0.6479334151332482	0.0
chr18	72300000	72775000	1.0	0.0	chr18	72300000	72775000	1.0	0.0
chr18	73250000	74050000	0.7155999206090147	0.0	chr18	73200000	74075000	0.7760024429260098	0.0
chr18	75850000	76750000	0.7984062043356595	0.0	chr18	75850000	76750000	0.7984062043356595	0.0
chr19	550000	1000000	0.6666666666666666	5.607424472590952	chr19	550000	1000000	0.6666666666666666	4.683402986310965
chr19	5050000	5650000	1.0	3.7843731084303713	chr19	5075000	5675000	1.0	7.101324407741125
chr19	6450000	7050000	0.8576783947341315	2.4949426222904396	chr19	6450000	6900000	1.0	3.3412741836921747
chr19	7450000	7975000	0.9163162231961564	4.2876474033762815	chr19	7425000	7950000	0.9163162231961564	3.355523768978365
chr19	8675000	9225000	1.0	1.330916878114617	chr19	8675000	9225000	1.0	2.3402061799117124
chr19	9225000	9675000	0.882842712474619	1.5762430416679696	chr19	9225000	9675000	0.882842712474619	2.6481999244766636
chr19	12225000	12725000	0.7702200572599405	0.7540071582154595	chr19	12275000	12775000	0.9581581115980782	1.6634205287102863
chr19	13325000	13900000	0.9267766952966369	5.609518590411303	chr19	13325000	13925000	0.8305415260169907	4.739082997919494
chr19	17425000	17975000	0.7844550900307685	7.1433590446676	chr19	17425000	18000000	0.8093592167691145	5.789442352904265
chr19	18550000	19125000	0.7822711238355423	7.517894620800223	chr19	18525000	19100000	0.8120711948192234	6.764442122124695
chr19	19125000	19675000	0.9163162231961564	5.551669814871472	chr19	19100000	19650000	1.0	4.939203065557462
chr19	19675000	20125000	0.9023689270621825	2.538538163629804	chr19	19650000	20125000	0.9511844635310913	2.784028018740337
chr19	20675000	21125000	1.0	1.2986583155645153	chr19	20675000	21150000	0.875	1.332707933640605
chr19	21375000	22100000	0.8977524242185428	1.8878037564177519	chr19	21425000	22075000	0.9060355974096118	3.0024453554877186
chr19	30575000	31150000	0.7285533905932737	0.0	chr19	30600000	31175000	0.8825825214724776	0.0
chr19	31900000	32750000	0.8432400654769225	0.0	chr19	31550000	32750000	0.792862138470135	0.021479727410451396
chr19	35550000	36075000	0.7907905579903909	4.354734239970604	chr19	35575000	36050000	0.8157378651666526	3.952622005534498
chr19	36075000	36725000	0.8729061445127428	5.278676595758161	chr19	36050000	36725000	0.8607022603955158	4.803771589293306
chr19	37750000	38350000	0.7982747501432695	1.6258549313680573	chr19	37775000	38350000	0.8084045244717942	0.947354458611609
chr19	39450000	39950000	1.0	7.745831750177902	chr19	39450000	39925000	0.9414213562373096	3.492093525467951
chr19	45425000	45900000	0.9511844635310911	3.997442962819622	chr19	45400000	45925000	0.9078689325833262	3.7785029739179112
chr19	46275000	46800000	0.882842712474619	3.243050742756326	chr19	46275000	46800000	0.882842712474619	2.8773978229955093
chr19	47775000	48325000	1.0	5.571424002736526	chr19	47925000	48375000	1.0	4.931210274803932
chr19	48325000	48775000	0.7071067811865475	3.956314843626094	chr19	48375000	48825000	0.7071067811865475	5.051372101721026
chr19	54950000	55575000	0.8406860814278571	2.660848230995652	chr19	54950000	55400000	1.0	1.691928218285575
chr2	15250000	15750000	0.8326324463923129	4.3746917520969255	chr2	15325000	15775000	0.882842712474619	6.392231545518049
chr2	18625000	19125000	0.9511844635310913	1.568032104771279	chr2	18600000	19150000	0.9581581115980783	2.749534267669262
chr2	20075000	20550000	0.9023689270621824	5.830432810178966	chr2	20100000	20550000	1.0	5.119065616559755
chr2	24625000	25100000	0.9023689270621824	4.718178937137112	chr2	24625000	25075000	1.0	5.404573919839926
chr2	25450000	26075000	1.0	3.533251851928969	chr2	25450000	25975000	0.8326324463923127	1.7376867614098603
chr2	29525000	30350000	0.9365079365079364	0.0	chr2	29500000	30350000	0.9696969696969697	0.0
chr2	36100000	36550000	0.7788854381999831	0.0	chr2	36075000	36550000	0.5514401255621684	0.0
chr2	39050000	39525000	0.9023689270621824	2.5472030247569317	chr2	39050000	39525000	0.9023689270621824	3.0967678547146886
chr2	39525000	40050000	0.9511844635310913	1.946106992004798	chr2	39525000	40050000	0.9511844635310913	3.8504994137581208
chr2	43000000	43475000	1.0	2.6129421963046653	chr2	43025000	43475000	1.0	2.931683057059806
chr2	44625000	45175000	1.0	0.0	chr2	44625000	45200000	1.0	0.0
chr2	45175000	45800000	0.882842712474619	0.41683974191282924	chr2	45200000	45800000	0.9674563090207275	0.0
chr2	47150000	47600000	1.0	5.872613323968984	chr2	47150000	47600000	1.0	6.581125243402217
chr2	48825000	50725000	0.5180889002536122	0.13750352374993502	chr2	49175000	50725000	0.587363665877976	0.0
chr2	50725000	52350000	0.6877783671083658	0.0	chr2	50725000	52075000	0.7183202190656272	0.0
chr2	55850000	56375000	1.0	11.867620451141635	chr2	55875000	56400000	1.0	4.382667252745041
chr2	57875000	58500000	0.8142696805273544	2.8509993947164736	chr2	57850000	58725000	0.930351130197758	5.527555198794536
chr2	59500000	60475000	0.7941961967475749	0.0	chr2	59475000	60425000	0.80268906755205	0.0
chr2	62125000	62675000	0.9210305136428512	2.7548875021634687	chr2	62150000	62650000	0.8333333333333333	4.377817853083645
chr2	69600000	70075000	1.0	3.446476808598179	chr2	69550000	70100000	0.9023689270621824	3.639810977716776
chr2	73900000	74425000	0.9511844635310913	3.691022282147931	chr2	73875000	74425000	0.9633883476483185	5.596363714050453
chr2	79250000	80175000	0.6981523192570642	0.0014419741739063218	chr2	79475000	80150000	0.6559862331632256	0.0
chr2	84575000	85150000	0.9674563090207274	8.440316893743262	chr2	84625000	85175000	1.0	6.176522246548957
chr2	85850000	86375000	0.6944895939818647	2.849498931720182	chr2	85875000	86350000	1.0	4.681870879961441
chr2	101900000	102525000	0.8432400654769225	4.1162815730759466	chr2	101975000	102525000	0.9163162231961564	3.454998363444033
chr2	103450000	105900000	0.4680214463942379	1.4361618393144504	chr2	103425000	105525000	0.4915198686174186	0.0
chr2	106225000	106700000	1.0	3.0386995513055854	chr2	106175000	106675000	0.9163162231961564	2.1342209397606333
chr2	119025000	119625000	0.6629126073623882	0.0	chr2	118975000	119650000	0.8402400624653894	0.04264433740849372
chr2	120400000	121050000	0.9023689270621824	4.469365053704843	chr2	120450000	120950000	0.9078689325833262	3.9167154814618343
chr2	127750000	128300000	1.0	3.094839278886158	chr2	127550000	128300000	0.8966259227717227	3.3816294670336644
chr2	129025000	129525000	0.882842712474619	3.346956889378885	chr2	129000000	129525000	0.9511844635310913	1.1699250014423124
chr2	129525000	130650000	0.8385084675879667	0.0	chr2	129525000	130850000	0.7853504874967026	0.007195501404203767
chr2	135250000	135700000	0.9267766952966369	1.917749985244905	chr2	135200000	135700000	0.9511844635310911	2.9259994185562235
chr2	136575000	137200000	0.842524268451488	3.8715972656138526	chr2	136550000	137175000	0.7679285086818143	6.172602521691461
chr2	139600000	140525000	0.7029041576823197	0.0	chr2	139600000	140475000	0.7817050872701965	0.0
chr2	144275000	145300000	0.8847770138614179	3.342696959981934	chr2	144100000	145200000	0.8343605559333785	3.0669502439246266
chr2	147825000	148675000	1.0	1.2172307162206693	chr2	147775000	148675000	1.0	0.7990873060740036
chr2	152350000	152900000	1.0	3.1350422862336518	chr2	152375000	152875000	0.9511844635310913	5.062747745782185
chr2	152900000	153600000	0.9583333333333333	4.3133184201355	chr2	152875000	153600000	0.823129244452879	5.933006023719125
chr2	153600000	154425000	0.8224873734152918	0.007195501404203767	chr2	153600000	154400000	0.8672141580658405	0.0
chr2	157475000	158125000	0.9353553390593273	0.0	chr2	157450000	158125000	0.8554861802738187	5.3414521074811265
chr2	160075000	160600000	0.7669223286977438	3.4653215135805504	chr2	160050000	160650000	1.0	4.570058077637419
chr2	165850000	166700000	0.9304971483104704	0.03738222200308026	chr2	165825000	166725000	0.884471951601937	0.014355292977070055
chr2	169750000	170275000	1.0	1.2660368939953173	chr2	169775000	170325000	0.9581581115980783	0.23470568277529955
chr2	170275000	170750000	0.9023689270621824	2.580693683328365	chr2	170325000	170775000	0.9414213562373096	5.83602739573409
chr2	177525000	178000000	0.7079967635988649	0.0	chr2	177550000	178000000	0.8017766952966369	0.0
chr2	178700000	179550000	0.9231200342442278	2.569595248891936	chr2	178950000	179550000	0.8734919064303392	4.022177554983795
chr2	181925000	182550000	0.911900753465172	0.4489009511451278	chr2	181950000	182550000	0.8793570624858994	0.20789285164133287
chr2	183025000	183550000	1.0	0.37851162325372983	chr2	182900000	183525000	0.9467466874884632	0.33913738491958556
chr2	189375000	189875000	0.7536629600351639	0.7845039829295666	chr2	189400000	189925000	0.9023689270621825	0.0
chr2	191925000	192375000	1.0	1.9708536543404835	chr2	191925000	192375000	1.0	0.03210084316702408
chr2	198650000	199225000	0.8684016994374948	0.32192809488736235	chr2	198650000	199200000	0.792445289152528	2.665051614289214
chr2	199225000	200775000	0.6753357825648788	0.6244908649077935	chr2	199200000	200400000	0.8205767703881226	2.9616233282869446
chr2	202075000	202625000	1.0	2.8511422145988736	chr2	202075000	202600000	1.0	2.9464635211159385
chr2	202625000	203075000	1.0	1.6484654430273145	chr2	202600000	203100000	1.0	1.8083850506560932
chr2	205175000	205625000	0.7071067811865475	1.269033146455237	chr2	205150000	205700000	0.7803300858899106	0.09085343045111348
chr2	205625000	206150000	0.790790557990391	0.0	chr2	205700000	206175000	0.7071067811865475	0.0
chr2	207850000	208375000	0.9166666666666667	4.457791260256042	chr2	207925000	208400000	0.9023689270621824	4.309976492370556
chr2	213500000	214100000	0.8007896423540609	0.1505596765753814	chr2	213500000	214075000	0.8888888888888888	0.20789285164133287
chr2	216175000	216900000	0.9609475708248731	9.573915380145642	chr2	216150000	216850000	0.9329042979842729	5.715961990255145
chr2	216900000	217350000	1.0	5.242259510712191	chr2	216850000	217325000	0.9511844635310911	5.997800468423478
chr2	219025000	219525000	0.6869486790532873	5.657640005207824	chr2	219025000	219475000	1.0	4.76007761170968
chr2	220575000	221500000	0.7434751693469664	0.0	chr2	220600000	221500000	0.8324469850471554	0.0
chr2	221500000	222450000	0.7854738725723412	3.145677455195635	chr2	221500000	222475000	0.7137270521498049	0.03562390973072122
chr2	222875000	223475000	0.9707106781186547	0.0	chr2	222875000	223475000	0.9707106781186547	0.0
chr2	225950000	226500000	0.8658085959685458	0.0	chr2	225925000	226550000	0.949746690499996	0.014355292977070055
chr2	228825000	230200000	0.7063970571932813	0.0	chr2	228750000	230200000	0.711900774534569	0.0
chr2	232700000	233425000	0.8942809041582064	2.1806686792530923	chr2	232725000	233425000	0.8434433619633036	1.9012838067556344
chr2	235450000	236025000	0.8372815451036374	5.742679958154417	chr2	235475000	236025000	0.7402829307627805	0.14404636961670686
chr2	236025000	236675000	0.8121320343559644	2.4646682670034443	chr2	236025000	236700000	0.8434433619633035	2.0143552929770703
chr2	236675000	237175000	1.0	0.6553518286125541	chr2	236700000	237175000	0.8535533905932737	0.08633087176041962
chr2	238725000	239200000	0.9511844635310913	2.8104431038451745	chr2	238725000	239200000	0.9511844635310913	3.5449901834749236
chr2	240925000	241425000	0.8744743347942345	5.312298096623149	chr2	240975000	241425000	1.0	3.601866275266926
chr20	7325000	7925000	0.9414213562373095	0.0	chr20	7325000	7900000	0.9349126180414549	0.0
chr20	7925000	8425000	1.0	2.271276259175926	chr20	7900000	8375000	1.0	1.8533303508579908
chr20	8750000	9350000	0.8459708691207961	0.31614574229335635	chr20	8725000	9350000	0.8305415260169906	0.16349873228287956
chr20	12250000	12850000	0.7303300858899104	0.0	chr20	12050000	12850000	0.9152707630084953	0.0
chr20	16800000	17425000	0.7689854282619244	0.0	chr20	16775000	17450000	0.7830800886504825	0.007195501404203767
chr20	17425000	17975000	0.8496019422142796	4.4327924190195525	chr20	17450000	18000000	0.9511844635310913	4.857939537777869
chr20	21575000	22250000	0.8291456223588194	0.0	chr20	21575000	22275000	0.7638098008496841	0.0
chr20	24200000	24900000	0.777791949751858	0.0	chr20	24125000	24900000	0.8585996516301506	0.0
chr20	31425000	31950000	0.9163162231961564	0.005236648366147136	chr20	31400000	31950000	0.9008883476483185	2.960465374102548
chr20	32300000	32775000	1.0	5.115158124577211	chr20	32325000	32775000	1.0	6.248907959739009
chr20	35100000	35575000	0.9023689270621824	4.68653165295405	chr20	35100000	35575000	0.9023689270621824	4.520142832452191
chr20	37075000	37700000	0.8793570624858994	3.338780943894699	chr20	37200000	37725000	0.8047378541243649	3.8194492228746473
chr20	39575000	40050000	0.7614223231766001	4.296237131771017	chr20	39575000	40025000	1.0	3.5529917947996354
chr20	40350000	42050000	0.4915074867319256	0.0	chr20	40375000	41800000	0.6818321253127227	0.0
chr20	50250000	50800000	0.7821248191647024	3.2720231890610485	chr20	50275000	50775000	0.8326324463923128	0.0874628412503394
chr20	50800000	51575000	0.8305415260169907	4.724923070266613	chr20	50775000	51600000	0.87315718533457	2.521050736900963
chr20	55150000	55600000	0.7071067811865475	0.021479727410451396	chr20	55125000	55625000	0.7071067811865475	0.04264433740849372
chr20	56175000	56775000	1.0	3.3993989897275534	chr20	56175000	56775000	1.0	0.0
chr20	61525000	62125000	0.934912618041455	3.952926518571687	chr20	61475000	62125000	0.9023689270621825	3.688273625228255
chr21	15600000	16200000	0.8734919064303392	2.0612001564367377	chr21	15600000	16200000	0.8734919064303392	5.400765609697969
chr21	25875000	26650000	0.9367459532151696	0.0	chr21	25925000	26875000	0.8194267931575122	0.0
chr21	27575000	28175000	0.8047378541243649	3.3833586953851107	chr21	27600000	28175000	0.8169417382415922	0.0
chr21	30800000	31325000	0.8744743347942345	0.0	chr21	30800000	31275000	0.882842712474619	0.04963076772460043
chr21	32425000	33000000	1.0	0.13750352374993502	chr21	32475000	33000000	1.0	0.02856915219677092
chr21	33000000	33675000	0.7996828398093798	5.125072453019686	chr21	33000000	33675000	0.7996828398093798	6.747078524577042
chr21	35275000	35725000	1.0	5.02031328478589	chr21	35275000	35725000	1.0	7.553437305754409
chr21	36075000	36800000	0.8872427168915341	0.0	chr21	36100000	36950000	0.8451212807479251	0.0
chr21	36800000	37450000	1.0	4.681449265314958	chr21	36950000	37450000	0.921030513642851	2.8999006636011697
chr21	38375000	39050000	1.0	4.0932502857002095	chr21	38525000	39050000	1.0	4.789468436941201
chr21	40100000	40550000	1.0	3.493134922305505	chr21	40075000	40525000	1.0	3.0143552929770703
chr21	41575000	42450000	0.8362944921610614	0.0	chr21	41525000	42475000	0.7150384287110955	0.0
chr21	42450000	42925000	0.9414213562373096	4.145595944698656	chr21	42475000	42925000	1.0	0.024319679195412894
chr22	26225000	26750000	0.7357022603955158	0.0	chr22	26250000	26775000	0.7414213562373095	0.0
chr22	27775000	28225000	0.8535533905932737	2.0071955014042038	chr22	27775000	28250000	0.882842712474619	0.02856915219677092
chr22	28225000	28975000	0.9084708691207961	4.323730337521348	chr22	28400000	28975000	0.6782297605547043	0.0
chr22	29225000	29675000	0.882842712474619	6.141255658611042	chr22	29225000	29700000	0.8535533905932737	5.20792537957191
chr22	32375000	32900000	0.882842712474619	4.0610561102041896	chr22	32400000	32875000	0.9267766952966369	4.657036533224192
chr22	34375000	35650000	0.7417380418175694	0.0	chr22	33975000	35400000	0.7344906526690478	0.16992500144231237
chr22	37925000	38400000	1.0	9.313330892452703	chr22	37925000	38400000	1.0	6.501100725010158
chr22	39925000	40425000	0.9163162231961564	3.6995516325230895	chr22	39950000	40400000	1.0	3.1081062236861294
chr22	40775000	41275000	0.7821248191647022	3.1657779777451114	chr22	40775000	41275000	0.7821248191647022	5.133673115550182
chr22	41275000	42025000	0.8832792667387976	4.998167289973741	chr22	41275000	42025000	0.8832792667387976	4.944126373411008
chr22	43850000	44300000	0.882842712474619	0.2037232098923776	chr22	43850000	44300000	0.882842712474619	0.06350294230615795
chr22	44575000	45125000	1.0	1.9304219599157915	chr22	44575000	45100000	1.0	1.5277376320282063
chr3	3250000	4325000	0.7343961098090241	0.021479727410451396	chr3	3250000	4350000	0.746672332934735	3.0422065601206896
chr3	4700000	5300000	0.934912618041455	3.7551012189316384	chr3	4725000	5275000	0.8744743347942345	4.9664304673062984
chr3	12575000	13075000	0.6565991539589369	7.121473080016163	chr3	12550000	13075000	0.7357022603955158	9.33697696757256
chr3	14625000	15100000	0.7357022603955158	3.5548957754190114	chr3	14550000	15125000	0.7583772504818587	4.121347016878443
chr3	15100000	15575000	0.8414213562373096	3.50452959690707	chr3	15125000	15625000	0.9511844635310911	3.9964640731695225
chr3	16625000	17275000	0.8776654887896823	0.711494906650088	chr3	16650000	17250000	0.8328427124746189	0.070389327891398
chr3	17475000	17925000	0.75	0.0	chr3	17475000	17925000	0.75	0.0
chr3	21525000	22175000	0.8668667187211578	0.0	chr3	21700000	22200000	0.8047378541243649	0.0
chr3	24275000	24750000	0.9023689270621824	0.07724299893246035	chr3	24275000	24750000	0.9023689270621824	3.4154882710497008
chr3	25950000	27075000	0.8091492101416508	0.0	chr3	25950000	27150000	0.8209524134734669	0.16349873228287956
chr3	27775000	28425000	0.9755922317655455	2.693022246578609	chr3	27725000	28400000	0.8712211397410814	4.968551603363946
chr3	36025000	36725000	0.7678938895999332	0.06350294230615795	chr3	36000000	36750000	0.7969071533999414	0.007195501404203767
chr3	37400000	37850000	0.8242640687119285	0.1473066987802935	chr3	37400000	37850000	0.8242640687119285	0.7136958148433591
chr3	38525000	39075000	0.9267766952966369	1.6467386983078462	chr3	38525000	39075000	0.9267766952966369	1.87528859822269
chr3	40625000	41300000	0.7785631033507417	7.628409084969309	chr3	40625000	41375000	0.8055679560328758	7.183387261248876
chr3	43800000	44300000	1.0	0.0	chr3	43825000	44275000	1.0	0.0
chr3	48225000	48725000	0.8744743347942345	5.308621170033677	chr3	48225000	48725000	0.8744743347942345	5.171407009888164
chr3	49075000	49525000	0.8333333333333334	7.024214064194752	chr3	49050000	49500000	1.0	5.3221463809118
chr3	50700000	51425000	0.843790283299492	4.850874415720347	chr3	50675000	51425000	0.8190042403120212	4.150153455246247
chr3	53325000	53950000	0.9467466874884631	2.639695233399582	chr3	53325000	53950000	0.9467466874884631	4.111198281319072
chr3	54850000	55450000	0.8901650429449554	0.0	chr3	54850000	55475000	0.8767766952966368	0.0
chr3	56625000	57100000	0.9414213562373095	2.1787146411754432	chr3	56600000	57075000	1.0	4.517905553529951
chr3	62675000	63275000	0.8238015069303439	0.0	chr3	62600000	63275000	0.7895728111794097	0.0
chr3	63825000	64500000	0.9324092571968956	3.950001749083499	chr3	64000000	64500000	1.0	4.713283400230739
chr3	64500000	65275000	0.7998311702114328	2.304511041809953	chr3	64500000	65350000	0.8229121747723789	1.144046369616707
chr3	67875000	69025000	0.8159683632037148	0.03562390973072122	chr3	67825000	69000000	0.7759013864581856	0.0
chr3	69025000	69475000	0.9414213562373096	4.671236750685973	chr3	69000000	69450000	1.0	3.792230673833185
chr3	70050000	70500000	1.0	0.0	chr3	70075000	70525000	1.0	0.0
chr3	70500000	71050000	0.7536629600351641	0.0	chr3	70525000	71025000	0.6204757192910176	0.0
chr3	73950000	75225000	0.6423689689380121	0.04963076772460043	chr3	74300000	75250000	0.7219428860803737	0.0
chr3	75225000	75750000	0.8	0.0	chr3	75250000	75700000	1.0	0.0
chr3	79525000	80775000	0.6848026512708358	2.097610796626422	chr3	79550000	80525000	0.7344118196063658	0.2750070474998698
chr3	85650000	86700000	0.708248080196505	0.0	chr3	85675000	86725000	0.7092285195511772	0.0
chr3	86700000	87250000	0.9511844635310913	3.1977081579558506	chr3	86725000	87275000	1.0	0.0
chr3	87625000	88250000	1.0	2.607152740355222	chr3	87775000	88250000	0.7181067922288351	3.4865856701410243
chr3	98750000	99200000	0.6551281440492296	0.0	chr3	98775000	99250000	0.7357022603955158	0.0
chr3	101450000	101975000	0.9414213562373095	2.8097574122729085	chr3	101450000	101950000	0.8744743347942346	1.6855664416595617
chr3	104275000	105125000	0.8507961100578273	4.871104373555458	chr3	104275000	105250000	0.8537944077123654	0.056583528366367514
chr3	106300000	106875000	0.9674563090207275	0.0	chr3	106350000	106875000	0.8535533905932736	0.0
chr3	107600000	108225000	1.0	3.267785464079722	chr3	107625000	108200000	0.9674563090207275	4.02207184522746
chr3	111800000	112300000	1.0	3.10936055940423	chr3	111800000	112275000	1.0	0.6968840908554546
chr3	117750000	118550000	0.9640862994774041	0.0	chr3	117725000	118550000	0.9659764942417511	0.0
chr3	120575000	121225000	0.8535533905932737	0.0	chr3	120575000	121175000	0.8901650429449554	0.02856915219677092
chr3	124900000	125350000	1.0	2.0325416972700387	chr3	124900000	125350000	1.0	3.038480079936654
chr3	126775000	127275000	0.7071067811865475	0.0	chr3	126775000	127275000	0.7071067811865475	0.0
chr3	127275000	127800000	0.9166666666666667	5.5861427949709	chr3	127275000	127825000	1.0	4.882503314261641
chr3	129875000	130325000	1.0	0.0	chr3	129875000	130400000	1.0	1.838951766951943
chr3	134525000	135600000	0.7652873623357599	0.0	chr3	134500000	135750000	0.6777440613356954	0.32192809488736235
chr3	136800000	137725000	0.8387730383910443	0.0	chr3	136775000	137450000	0.9052128425358745	0.0
chr3	139425000	140250000	0.9691691348617417	0.20163386116965043	chr3	139525000	140225000	0.8953952789951954	0.007195501404203767
chr3	147850000	148650000	0.8339115355603142	1.1677860906859772	chr3	148075000	148650000	0.7654541440584455	0.0
chr3	151075000	151625000	0.9581581115980782	0.0922074380970889	chr3	151125000	151675000	1.0	0.3936907641874537
chr3	151625000	152225000	0.9999999999999999	5.286203493551487	chr3	151675000	152175000	0.8242640687119285	4.999022844387499
chr3	152225000	152700000	1.0	0.956056652412403	chr3	152175000	152700000	1.0	3.9800253002387342
chr3	152700000	153475000	0.9310839485144818	2.232660756790275	chr3	152700000	153750000	0.8298926837533285	2.816087658600206
chr3	154050000	154600000	0.790790557990391	0.0	chr3	154050000	154600000	0.790790557990391	0.0
chr3	154600000	155075000	0.8242640687119285	2.2957230245399685	chr3	154600000	155075000	0.8242640687119285	2.4982508675278257
chr3	155725000	156250000	1.0	0.11769504266975458	chr3	155700000	156200000	1.0	0.31614574229335635
chr3	156250000	156850000	0.9023689270621825	5.252917684938699	chr3	156400000	156875000	0.9	0.8875252707415875
chr3	157300000	157775000	1.0	0.0	chr3	157275000	157750000	0.9023689270621824	0.0
chr3	157775000	158275000	0.8535533905932737	0.59215800212536	chr3	157750000	158250000	1.0	3.204766750654613
chr3	158550000	159000000	1.0	3.4025857582325876	chr3	158550000	159000000	1.0	0.007195501404203767
chr3	161500000	162675000	0.8091729798684621	0.0	chr3	161550000	162425000	0.8209154708571402	0.0
chr3	167950000	168575000	1.0	0.0	chr3	167950000	168750000	0.9502541398050887	0.0
chr3	168800000	169450000	0.9674563090207275	4.232277010268292	chr3	168750000	169450000	0.9511844635310913	3.430285272977781
chr3	170125000	170600000	1.0	5.577479183004808	chr3	170125000	170625000	0.8242640687119285	4.380821783940931
chr3	170850000	171300000	1.0	2.907852071845964	chr3	170850000	171300000	1.0	4.340206179911712
chr3	176150000	176675000	0.6699791832313203	0.0	chr3	176175000	176675000	0.6699791832313203	0.0
chr3	176675000	177125000	0.9414213562373095	3.885574364371427	chr3	176675000	177175000	0.8535533905932737	5.806710717965235
chr3	180900000	181450000	0.9267766952966369	0.38404980679515993	chr3	180750000	181400000	0.813980579413864	0.0
chr3	183550000	184025000	0.6419602786582626	6.0008611735556565	chr3	183550000	184050000	0.7395913515960801	6.189587384036473
chr3	184550000	185025000	1.0	1.3054841919587497	chr3	184550000	185025000	1.0	1.3645724322958561
chr3	186900000	187425000	1.0	0.11103131238874395	chr3	186900000	187425000	1.0	0.039138393906958314
chr3	192800000	193325000	0.6060915267313265	1.8948177633079435	chr3	192775000	193325000	0.5745242597140698	3.7984393988277936
chr3	193325000	193825000	0.9581581115980783	0.0	chr3	193325000	193825000	0.9581581115980783	0.0
chr3	196250000	196700000	0.9	2.860079943066769	chr3	196250000	196700000	0.9	4.51846519860932
chr4	3025000	3525000	0.8002191388837806	3.083497056194225	chr4	3025000	3500000	0.9166666666666665	2.054153871762708
chr4	4450000	4950000	0.7845177968644245	3.6777901012166563	chr4	4450000	4925000	0.5722854315746105	3.4346282276367246
chr4	4950000	5475000	0.790790557990391	3.943921326553486	chr4	4925000	5400000	0.7071067811865475	0.007195501404203767
chr4	6625000	7100000	0.882842712474619	4.070861561471958	chr4	6600000	7125000	0.9166666666666667	4.653977178636337
chr4	10075000	10575000	0.9511844635310913	7.828120612874233	chr4	10100000	10575000	1.0	6.227086416874644
chr4	21800000	22375000	0.7361359120657514	0.021479727410451396	chr4	21775000	22400000	0.7676020539784872	0.0
chr4	23150000	24425000	0.756011679471223	0.0	chr4	23150000	24450000	0.7624885049765404	0.0
chr4	25400000	25950000	0.8576783947341315	3.832383716549127	chr4	25425000	25975000	0.9581581115980782	4.321326846684916
chr4	27075000	27675000	0.9414213562373095	0.0	chr4	27050000	27700000	0.8851100286299701	0.0
chr4	38075000	38775000	0.9324092571968956	3.2931497367418645	chr4	38075000	38750000	1.0	3.0496307677246004
chr4	42975000	44750000	0.6051142001547448	1.6305219634716384	chr4	42550000	44700000	0.5019330911680736	2.129612738130469
chr4	44750000	46800000	0.47452479089763305	0.0	chr4	44700000	46300000	0.6189722826505253	2.5147534984397537
chr4	48525000	49025000	0.9023689270621824	5.173127433480657	chr4	48550000	49000000	1.0	5.660388166547158
chr4	53375000	53850000	0.8383883476483185	1.1121440737558188	chr4	53400000	53875000	0.8383883476483185	1.964090528616132
chr4	67600000	68250000	1.0	0.0	chr4	67500000	68275000	0.9315426084981316	0.0
chr4	71450000	71950000	1.0	2.4609063482072453	chr4	71450000	71950000	1.0	4.11009175192513
chr4	71950000	72600000	1.0	0.007195501404203767	chr4	71950000	72575000	0.8793570624858995	0.0
chr4	75050000	75650000	0.9267766952966369	0.040892430646901054	chr4	75025000	75625000	1.0	1.5469561781414114
chr4	78900000	79450000	0.7071067811865475	1.37016428054021	chr4	78875000	79450000	0.7071067811865475	0.014355292977070055
chr4	83250000	83725000	1.0	5.160153794868324	chr4	83200000	83725000	1.0	5.86118618481876
chr4	84625000	85475000	0.7755261123967524	0.0	chr4	84625000	85425000	0.7476456241992006	0.0
chr4	85475000	85950000	0.9511844635310913	3.8032270364349277	chr4	85425000	85950000	0.9511844635310913	2.249445341085839
chr4	90375000	90875000	0.9999999999999999	6.308566566618215	chr4	90400000	90850000	0.8535533905932737	1.8509993947164736
chr4	91275000	92025000	0.8170051350897654	0.0	chr4	91225000	92000000	0.8210096996140012	0.0
chr4	94675000	95125000	1.0	0.0	chr4	94700000	95150000	0.9023689270621825	3.8469946869655733
chr4	95575000	96050000	0.9023689270621824	0.23878685958711648	chr4	95575000	96050000	0.9023689270621824	0.0
chr4	96475000	97325000	0.786871573917222	0.0	chr4	96475000	97275000	0.6993149316256743	0.0
chr4	100425000	100925000	1.0	5.6862904106635535	chr4	100400000	100925000	1.0	6.491742886249029
chr4	108925000	109550000	1.0	9.49114159210482	chr4	108900000	109525000	1.0	5.227278994468321
chr4	120475000	121000000	0.7438723973123639	2.5686401954192237	chr4	120475000	121000000	0.7438723973123639	6.047614726738881
chr4	124650000	125225000	0.7907905579903911	0.0	chr4	124675000	125250000	0.8372815451036374	0.0
chr4	125650000	126200000	0.7071067811865475	0.0	chr4	125725000	126225000	0.5555838995037158	0.0
chr4	129350000	129825000	1.0	3.317593504623471	chr4	129325000	129800000	1.0	3.7687136570304847
chr4	133550000	134100000	0.825191746523308	5.804905414675281	chr4	133600000	134050000	0.9023689270621825	0.0
chr4	134100000	135825000	0.5665023301985052	0.3729520979118291	chr4	134050000	135375000	0.6966804292529513	0.4436066514756146
chr4	144475000	145050000	0.8901650429449554	0.27798474729976524	chr4	144475000	145100000	0.8621320343559642	6.9941978437095695
chr4	146025000	146550000	0.8326324463923127	4.847412363075404	chr4	146025000	146525000	1.0	3.524189078449365
chr4	159150000	159600000	0.882842712474619	2.740927560318628	chr4	159125000	159575000	0.8535533905932737	0.03562390973072122
chr4	159600000	160100000	0.9	3.275938239064432	chr4	159575000	160150000	0.7890593302429403	4.101187815259738
chr4	163950000	164525000	0.8373467368390075	0.9380975610740933	chr4	163975000	164475000	0.9023689270621824	2.8032270364349277
chr4	173775000	174225000	1.0	3.634593268445757	chr4	173775000	174400000	0.8048747567686422	6.773419474531072
chr4	184675000	185150000	1.0	0.08065766334522519	chr4	184675000	185150000	1.0	0.014355292977070055
chr4	186550000	187150000	0.8154320376686505	3.427159171991061	chr4	186550000	187000000	1.0	0.0
chr5	1200000	1675000	1.0	4.659211024068188	chr5	1250000	1700000	0.9414213562373095	5.059344460824425
chr5	4850000	5475000	0.8934933749769265	1.8747969658986654	chr5	4850000	5450000	0.8052829884118253	3.249824548616183
chr5	5475000	6225000	1.0	0.0	chr5	5450000	6225000	1.0	0.0
chr5	9625000	10200000	0.797997835037718	0.0	chr5	9575000	10175000	0.7889087296526012	0.0
chr5	10200000	10750000	0.8901650429449552	5.484391358776335	chr5	10175000	10700000	1.0	7.334937247953393
chr5	16625000	17225000	0.8771585767777684	4.952450058359001	chr5	16575000	17200000	0.934912618041455	0.0
chr5	17625000	18400000	0.8335188057516232	0.0	chr5	17625000	18350000	0.833518805751623	0.0
chr5	20900000	21450000	0.7536629600351639	0.0	chr5	20925000	21475000	0.8326324463923127	0.0
chr5	32675000	33200000	0.6526477055799429	0.014355292977070055	chr5	32675000	33400000	0.7500342969599375	0.04614178164472064
chr5	33450000	34000000	0.9023689270621824	0.00480098626382128	chr5	33400000	33975000	0.9267766952966369	5.973190313264677
chr5	34450000	34975000	1.0	4.332564730996099	chr5	34450000	35000000	1.0	5.368523922158954
chr5	34975000	35575000	0.911900753465172	0.0	chr5	35000000	35750000	0.9790790557990391	0.04963076772460043
chr5	37375000	37825000	0.9267766952966369	2.594548549550354	chr5	37350000	37800000	0.8242640687119285	5.568032104771279
chr5	40875000	41650000	0.844938884157584	0.04963076772460043	chr5	40925000	41700000	0.8104808584148249	0.0
chr5	42050000	42875000	0.9121320343559642	0.27798474729976524	chr5	42075000	43075000	0.8099705025034329	3.5604704091665136
chr5	43125000	43675000	0.7632221528573505	3.9310076063986132	chr5	43075000	43650000	0.8364454575607136	6.0618996050578655
chr5	55550000	56175000	0.8767766952966368	1.1342209397606335	chr5	55550000	56150000	1.0	1.821710215034674
chr5	57125000	57775000	0.7391084104294026	7.009324775552856	chr5	57150000	57775000	0.7105922291502536	0.0
chr5	60975000	61475000	0.7071067811865475	0.0	chr5	60975000	61475000	0.7071067811865475	0.0
chr5	63350000	64075000	0.887172530700399	1.624334889445088	chr5	63325000	63875000	0.9581581115980783	0.0
chr5	64075000	64875000	0.9999999999999999	2.895948845326593	chr5	64100000	64850000	0.9816941738241592	1.5969351423872324
chr5	64875000	65525000	0.9511844635310912	2.71699089440494	chr5	64850000	65525000	0.9549395047979303	4.686033560019119
chr5	67825000	68325000	0.6767766952966369	0.0	chr5	67850000	68325000	0.6767766952966369	0.0
chr5	73175000	73975000	0.8494256471855796	5.965841991309598	chr5	73175000	73975000	0.8494256471855796	5.137401055974695
chr5	75050000	75550000	0.9163162231961564	0.0	chr5	75025000	75575000	0.9163162231961564	0.0
chr5	76825000	77325000	1.0	3.5488475903848737	chr5	76850000	77325000	1.0	5.611221570934812
chr5	78250000	78825000	1.0	1.53605290024021	chr5	78250000	78800000	1.0	0.6735564239901448
chr5	80000000	80550000	0.7803300858899106	0.21101219348551167	chr5	79975000	80700000	0.865516500095513	3.2475478068902977
chr5	81100000	81575000	0.882842712474619	9.290495057426877	chr5	81075000	81575000	0.9511844635310913	10.15753852399628
chr5	82350000	82975000	0.9201200312326947	2.3923174227787602	chr5	82275000	82950000	0.9023689270621824	5.026136089841674
chr5	87425000	87975000	0.7316171919370917	1.989139007368233	chr5	87425000	88000000	0.8744743347942345	5.3032327852506365
chr5	89625000	90100000	0.7071067811865475	1.9553128034447056	chr5	89675000	90125000	0.9414213562373096	4.80250344058368
chr5	90775000	91550000	0.8277098712862043	0.0	chr5	90775000	91550000	0.8277098712862043	0.0
chr5	95225000	95675000	1.0	2.3589588258323295	chr5	95200000	95650000	0.7071067811865475	3.350497247084133
chr5	96075000	96550000	0.7071067811865475	3.0138450559988463	chr5	95975000	96550000	0.9999999999999999	3.2694606749932267
chr5	98450000	99725000	0.6434377492191785	0.0	chr5	98450000	99700000	0.6802032358208296	0.0
chr5	99725000	100325000	1.0	3.1164479355116574	chr5	99700000	100150000	0.8242640687119285	0.6915341649192002
chr5	101875000	102525000	0.9201200312326947	5.065802058395747	chr5	101875000	102550000	0.8642766952966369	4.869295660593479
chr5	109250000	110050000	0.8745911492844048	0.0	chr5	109275000	110025000	0.8327561323230812	0.0
chr5	115450000	115900000	0.9267766952966369	0.0	chr5	115450000	115900000	0.9267766952966369	0.0
chr5	115900000	118825000	0.37585460295556866	4.03738222200308	chr5	115900000	118150000	0.467827142086971	0.02856915219677092
chr5	123275000	123900000	0.7367334404538488	0.0	chr5	123250000	123800000	0.8169417382415921	0.0
chr5	128500000	129175000	0.7228431587542917	0.0	chr5	128525000	129125000	0.7870453040219171	0.0
chr5	132700000	133325000	1.0	3.968090752045256	chr5	132725000	133325000	1.0	4.325890061039784
chr5	134275000	134750000	1.0	3.8999006636011697	chr5	134250000	134750000	1.0	5.1575995743689855
chr5	135550000	136125000	1.0	0.0	chr5	135600000	136125000	0.9511844635310911	0.0
chr5	136925000	137475000	0.8901650429449552	4.106955457122828	chr5	136900000	137475000	0.9633883476483185	2.445594291341182
chr5	142350000	142800000	1.0	0.0	chr5	142350000	142850000	0.8326324463923127	3.4574629646485517
chr5	145900000	146375000	1.0	0.0	chr5	145900000	146375000	1.0	0.0
chr5	150650000	151200000	0.8535533905932736	8.611654554092723	chr5	150675000	151200000	0.9	4.240423372456917
chr5	152800000	153325000	0.9	0.007195501404203767	chr5	152850000	153350000	0.8894427190999916	0.0
chr5	153325000	153825000	0.9581581115980783	4.381023747109563	chr5	153350000	153800000	1.0	4.532732541948598
chr5	155300000	156550000	0.6966261137141475	0.0	chr5	155300000	156525000	0.802602986336284	0.07382023329167138
chr5	156550000	157175000	0.8815648723181779	1.3376013188704177	chr5	156525000	157175000	0.9279187982896862	1.9358948843010897
chr5	157450000	158100000	0.8535533905932737	0.0	chr5	157500000	158100000	0.8535533905932737	0.0
chr5	158100000	158575000	1.0	0.06350294230615795	chr5	158100000	158550000	1.0	0.070389327891398
chr5	158750000	159400000	0.7370299332896902	0.37851162325372983	chr5	158550000	159425000	0.9486569563735988	3.49777201759007
chr5	159400000	159875000	0.882842712474619	4.31736738750612	chr5	159425000	159875000	0.7071067811865475	5.354469792157401
chr5	159875000	160900000	0.7697021161200726	0.0	chr5	159875000	160925000	0.7757728164623727	0.0
chr5	162875000	163450000	0.9674563090207275	3.486928852335474	chr5	162950000	163425000	0.7071067811865475	0.0
chr5	163450000	163975000	0.6962758206483151	0.0	chr5	163425000	163950000	0.9023689270621824	0.0
chr5	173800000	174325000	0.9163162231961564	0.0	chr5	173775000	174300000	0.9163162231961564	0.0
chr5	174325000	174875000	0.8373467368390075	0.0	chr5	174300000	174900000	0.9023689270621824	0.0
chr5	174875000	175500000	0.8999999999999999	3.6896719017964306	chr5	174900000	175450000	0.7910533905932737	5.920253595375764
chr5	178075000	178575000	1.0	1.2092305383768445	chr5	178050000	178575000	0.9163162231961564	2.2844771178104226
chr6	800000	1525000	0.926776695296637	0.0	chr6	825000	1525000	0.8806019374818708	0.0
chr6	6600000	7275000	0.9124174736825426	1.7224660244710912	chr6	6575000	7250000	0.8739559352210042	1.608809242675524
chr6	7675000	8125000	0.7071067811865475	8.351818964577022	chr6	7650000	8150000	1.0	5.901249061460933
chr6	11075000	11550000	0.9023689270621824	3.697106574476975	chr6	11125000	11600000	1.0	0.12101540096136584
chr6	14175000	15200000	0.7355030895195226	0.0	chr6	14150000	15225000	0.8252168676038174	0.0
chr6	15650000	16250000	1.0	4.595245047049052	chr6	15650000	16275000	0.9201200312326947	5.262408100184327
chr6	16250000	16775000	0.875	3.100977647724821	chr6	16275000	16750000	0.6666666666666666	0.0
chr6	17125000	17600000	1.0	2.6952514950894635	chr6	17100000	17575000	0.9023689270621824	0.0
chr6	18800000	20050000	0.6831979428800188	0.007195501404203767	chr6	18575000	19675000	0.7765953271374156	0.0
chr6	20050000	20550000	1.0	2.2052882381140737	chr6	20075000	20550000	1.0	3.887525270741588
chr6	32775000	33275000	0.9166666666666666	7.391148695716995	chr6	32775000	33225000	0.6035533905932737	4.3106834631496636
chr6	41700000	42150000	0.9023689270621825	5.258344969801717	chr6	41700000	42200000	0.9511844635310913	6.120386503137368
chr6	43550000	44075000	0.819035593728849	5.039284645115041	chr6	43525000	44075000	0.8276650429449552	6.543824504546613
chr6	44675000	45325000	0.7163495064760467	0.03562390973072122	chr6	44700000	45375000	0.7651650429449552	2.4161641647331282
chr6	51100000	51675000	0.86982523608291	0.0	chr6	51175000	51700000	0.8744743347942345	0.0
chr6	56775000	57275000	0.8888888888888888	3.373184173041565	chr6	56750000	57250000	1.0	4.443275111765805
chr6	57575000	58100000	0.804737854124365	0.0	chr6	57550000	58100000	0.7212496525266316	0.0
chr6	62200000	63950000	0.5589716412571951	0.9360882361798071	chr6	62200000	64550000	0.4655560557080229	2.906249255281936
chr6	69325000	70350000	0.7406179410523817	0.0	chr6	69550000	70350000	0.7623832302230826	0.0
chr6	70350000	70900000	0.9633883476483185	1.8914191868460788	chr6	70350000	70900000	0.9633883476483185	3.2731428593080825
chr6	70900000	71400000	1.0	2.1984941536390834	chr6	70900000	71400000	1.0	3.6246858105253983
chr6	72275000	72850000	0.926776695296637	0.09761079662642234	chr6	72075000	72850000	0.9310839485144818	0.0
chr6	73125000	73875000	0.9483129613858614	0.007195501404203767	chr6	73350000	73875000	0.7734590803390136	0.0
chr6	76650000	77350000	0.7931477032137384	0.0	chr6	76625000	77375000	0.8124220368340521	0.0
chr6	79550000	80200000	0.8434433619633035	3.1489341045263397	chr6	79600000	80125000	0.882842712474619	3.9866384717308523
chr6	82425000	82950000	0.8326324463923127	0.18269229751619032	chr6	82450000	82925000	0.882842712474619	0.5753123306874369
chr6	88500000	89250000	0.8966259227717228	0.014355292977070055	chr6	88600000	89225000	0.8994933809999924	0.08065766334522519
chr6	97925000	99225000	0.7070158965077353	0.0	chr6	97875000	99250000	0.7300655168696928	0.0
chr6	99225000	99725000	0.9267766952966369	1.6564963705534952	chr6	99250000	99700000	0.9267766952966369	3.1977081579558506
chr6	99725000	100300000	0.8169417382415922	2.813524689297811	chr6	99700000	100275000	0.9633883476483185	5.348905161168407
chr6	110750000	111300000	0.9163162231961564	2.394719912994065	chr6	110775000	111325000	0.8618033988749895	4.943030499084064
chr6	113450000	114275000	0.9853553390593274	5.199476046442853	chr6	113450000	114300000	1.0	0.13750352374993502
chr6	118000000	118575000	0.8326324463923127	0.0	chr6	118100000	118575000	0.7071067811865475	0.0
chr6	120075000	121325000	0.6481802318945278	0.0	chr6	120075000	121325000	0.6481802318945278	0.0
chr6	122675000	123200000	0.9285714285714286	3.0345678928182136	chr6	122675000	123200000	0.9285714285714286	4.515889031785184
chr6	123200000	123650000	0.7071067811865475	0.0	chr6	123200000	123700000	0.8047378541243649	0.021479727410451396
chr6	124075000	125150000	0.773134395676567	0.15704371014558005	chr6	124075000	125175000	0.7833233523010381	0.0
chr6	130450000	131150000	0.9372371673971172	0.16135026570430275	chr6	130650000	131175000	0.9163162231961565	0.0024024902153046133
chr6	135300000	135800000	0.9285714285714286	3.0369428447982556	chr6	135275000	135800000	0.9210305136428512	6.4908107734715665
chr6	141250000	141925000	0.9774697523989653	0.0	chr6	141275000	141975000	1.0	0.0
chr6	141925000	142475000	0.5745242597140698	3.1937717433966806	chr6	141975000	142475000	0.5892556509887895	4.878725341480106
chr6	143825000	144375000	0.9267766952966369	2.877155274623047	chr6	143800000	144350000	0.8901650429449552	4.321855958331889
chr6	146250000	147100000	0.9107060866333063	3.222070355247179	chr6	146300000	147100000	0.8734838988269766	2.552541023028779
chr6	147100000	147725000	0.7474873734152916	2.3812833725037836	chr6	147100000	147700000	0.7912578159510714	6.647386469795593
chr6	148875000	149325000	0.7236067977499789	0.21412480535284734	chr6	148850000	149325000	0.6031495069119116	0.0
chr6	149325000	149825000	1.0	3.513911786023294	chr6	149325000	149825000	1.0	3.64481766601217
chr6	149825000	150375000	0.82106674238245	3.139456901186551	chr6	149825000	150375000	0.82106674238245	4.9784772685387475
chr6	151175000	151750000	0.9309016994374948	4.437294331497144	chr6	151150000	151725000	1.0	4.784852923562757
chr6	151750000	152625000	0.9147772365372073	1.843481425432457	chr6	151725000	152675000	0.7997066748270489	3.6599245584023783
chr6	153600000	154425000	0.8605270386602607	0.0	chr6	153375000	154425000	0.7037761777484676	0.007195501404203767
chr6	155925000	156875000	0.7045969972153866	0.0	chr6	156150000	156875000	0.7362271782141678	0.0
chr6	158600000	159100000	0.9581581115980782	5.390392545854268	chr6	158600000	159100000	0.9581581115980782	5.801365627622766
chr6	159100000	159575000	1.0	3.381802483168775	chr6	159100000	159575000	1.0	4.551362203987388
chr6	159575000	160075000	1.0	0.007195501404203767	chr6	159575000	160075000	1.0	0.0
chr6	160075000	160550000	1.0	4.497328496260193	chr6	160075000	160550000	1.0	6.110567408387548
chr6	164025000	164600000	0.8744743347942348	0.0	chr6	164025000	164600000	0.8744743347942348	0.0
chr6	168775000	169300000	0.7316171919370917	0.0	chr6	168800000	169300000	0.7316171919370917	1.4005379295837288
chr7	300000	875000	0.9674563090207275	5.990501111363251	chr7	350000	950000	1.0	5.096894327403654
chr7	2425000	2900000	0.8308640753373011	5.197708157955851	chr7	2450000	2900000	1.0	3.068670810665099
chr7	3325000	3950000	0.6106831292065638	0.9597701552114672	chr7	3275000	3950000	0.6931082800065886	0.0
chr7	3950000	4625000	0.7407572747105009	0.0	chr7	3950000	4600000	0.7578455356387245	0.0
chr7	5925000	6475000	0.9267766952966369	4.986774976394751	chr7	5925000	6500000	0.9267766952966369	5.3177743728041
chr7	6475000	6950000	0.9267766952966369	4.798663254229216	chr7	6500000	6950000	1.0	4.648831456667037
chr7	6950000	7425000	0.882842712474619	3.475084882948783	chr7	6950000	7625000	0.9511844635310913	4.180307019969433
chr7	7650000	8375000	0.8885618083164126	2.8283269264148165	chr7	7625000	8425000	0.9011221233452443	5.41679752760606
chr7	8375000	10450000	0.5445860208367486	0.0	chr7	8975000	10450000	0.7393034987512058	0.0
chr7	10450000	10925000	0.7071067811865475	0.0	chr7	10450000	10950000	0.7071067811865475	0.0
chr7	10925000	11400000	0.8190355937288492	5.294804519994466	chr7	10950000	11400000	1.0	7.356407951394893
chr7	11400000	11900000	0.8535533905932736	1.6182386555954549	chr7	11400000	12075000	0.7679036539563613	0.0
chr7	11900000	12525000	0.9467466874884632	2.3096127724541233	chr7	12075000	12525000	1.0	5.855802872145909
chr7	12650000	13325000	0.9098790095958608	4.651051691178929	chr7	12675000	13300000	0.8934933749769263	7.254792430192883
chr7	16150000	16650000	0.7071067811865475	0.32192809488736235	chr7	16100000	16675000	0.7071067811865475	2.523561956057013
chr7	20700000	21250000	0.8535533905932736	0.7180875839605169	chr7	20675000	21275000	0.6596194077712559	0.18903382439001712
chr7	22100000	22550000	0.75	2.5397791916984938	chr7	22100000	22550000	0.75	0.8439838440483266
chr7	24350000	24800000	1.0	1.7004397181410922	chr7	24325000	24775000	1.0	3.778208576398088
chr7	26700000	27225000	1.0	3.354381632113322	chr7	26725000	27225000	1.0	0.3415114105349169
chr7	31775000	32250000	1.0	0.0	chr7	31775000	32225000	1.0	0.0
chr7	33200000	33725000	0.8153009687409354	0.0	chr7	33200000	33725000	0.8153009687409354	0.0
chr7	34175000	34775000	0.9267766952966369	0.0	chr7	34000000	34850000	0.8879788139060336	0.0
chr7	35100000	35650000	0.844887651767585	0.007195501404203767	chr7	35125000	35675000	0.9023689270621824	0.0
chr7	38800000	39550000	0.9191941738241592	2.4195388915137848	chr7	38775000	39550000	0.9239474577168557	3.7449683482488756
chr7	41925000	42925000	0.7571634229392168	2.23112515787905	chr7	41950000	42900000	0.7284896017571421	0.04963076772460043
chr7	47225000	47925000	1.0	1.7662417765368386	chr7	47300000	47900000	1.0	0.0
chr7	50750000	51250000	1.0	4.866907978143167	chr7	50750000	51200000	1.0	4.480265122054463
chr7	54775000	55325000	0.8535533905932737	6.746950926440914	chr7	54775000	55325000	0.8535533905932737	6.039686759507421
chr7	55700000	56200000	1.0	5.798462964190021	chr7	55700000	56175000	0.875	7.055710841467476
chr7	56475000	57025000	0.8535533905932736	0.0	chr7	56425000	57125000	0.702496758077721	0.0
chr7	57025000	57550000	0.7583772504818587	0.0	chr7	57125000	57575000	0.7071067811865475	0.0036022366801955253
chr7	61950000	62725000	0.8488212409960385	0.0	chr7	61950000	62525000	0.8698252360829101	0.0
chr7	63000000	64175000	0.8086559608601969	0.5150059164337295	chr7	63000000	64100000	0.8061472410572995	2.4392906810420176
chr7	65475000	66000000	1.0	3.7757880348563915	chr7	65475000	65975000	1.0	3.708076849621719
chr7	70275000	71200000	0.6982975781697347	0.0	chr7	70250000	71225000	0.8239667075666242	0.0
chr7	83550000	84075000	0.9511844635310913	0.0	chr7	83550000	84150000	0.9674563090207274	1.0250287944915224
chr7	88500000	89725000	0.773310364771288	0.0	chr7	88475000	89750000	0.674783515607127	0.0
chr7	90075000	90675000	0.7821248191647022	2.2809563138310565	chr7	90100000	90675000	0.9008883476483185	0.0
chr7	90675000	91475000	0.7896836001446323	1.9240998856407416	chr7	90675000	91450000	0.8104808584148249	0.9523335663696857
chr7	96725000	97500000	0.9138549356431023	0.59215800212536	chr7	96675000	97475000	0.8698252360829101	5.194362890727586
chr7	97875000	98475000	0.9674563090207274	4.8292153245327265	chr7	98050000	98500000	1.0	1.7634115744700072
chr7	98475000	99000000	0.9166666666666666	7.158326927620096	chr7	98500000	99000000	0.9581581115980783	5.66760832567372
chr7	99000000	99550000	0.8535533905932737	6.3115258208798615	chr7	99000000	99525000	0.8420610272857023	6.135501388050756
chr7	103875000	104525000	0.9146054701618018	0.0	chr7	103825000	104550000	0.9633883476483185	3.2315092108670465
chr7	105250000	105775000	1.0	3.785027362235466	chr7	105225000	105775000	1.0	4.271463027904375
chr7	110700000	111375000	0.8455242714630211	1.2372577709003718	chr7	110700000	111175000	1.0	0.08406426478847455
chr7	112150000	112600000	1.0	3.109778429078662	chr7	112125000	112575000	0.8535533905932737	4.991181681408527
chr7	118850000	119875000	0.7783036278144797	0.0	chr7	118875000	119775000	0.7960172110867071	0.0
chr7	121675000	122200000	1.0	2.0772429989324603	chr7	121700000	122225000	1.0	0.014355292977070055
chr7	123100000	123575000	0.9511844635310913	0.9427155638080887	chr7	123100000	123550000	0.882842712474619	3.931919390100041
chr7	123800000	124500000	0.9164779663363921	0.5993177936982264	chr7	123550000	124450000	0.9031675224910364	0.0024024902153046133
chr7	124500000	125375000	0.8754336516702355	2.978195629681652	chr7	124650000	125350000	0.777791949751858	0.0
chr7	125375000	126225000	0.8831800498605751	0.0	chr7	125350000	126175000	0.8078807144221614	0.0
chr7	132325000	132850000	0.9581581115980783	3.040307988653537	chr7	132375000	132875000	0.9581581115980783	7.358519341550474
chr7	139100000	139750000	0.7782812597878712	1.5027124859660612	chr7	139100000	139725000	0.7000000000000001	2.735251375786425
chr7	140725000	141275000	0.8535533905932737	2.915042791371978	chr7	140750000	141450000	0.8535533905932737	6.228799454433762
chr7	141475000	142025000	0.9633883476483185	0.20441898759618865	chr7	141450000	142025000	0.9633883476483185	0.8127035765602842
chr7	155600000	156350000	0.7344283161316806	0.017921907997262315	chr7	155600000	156300000	0.7655367443765857	0.0
chr7	156675000	157200000	1.0	4.036503333738988	chr7	156675000	157200000	1.0	4.857732233157668
chr8	750000	1625000	0.9364530722563714	0.0	chr8	500000	1650000	0.8597403635628422	2.615887073916057
chr8	3150000	4675000	0.6033239975555684	0.0	chr8	3525000	4675000	0.7147675074246723	0.0
chr8	4900000	6225000	0.6722391698356339	0.0	chr8	4900000	6000000	0.7605902618925666	0.0
chr8	6225000	6700000	0.882842712474619	3.785027362235466	chr8	6225000	6700000	0.882842712474619	4.010779838753242
chr8	8025000	8575000	0.9163162231961564	1.777507388029053	chr8	7900000	8550000	0.8923843423651672	0.010779838753242761
chr8	9050000	9725000	0.9774697523989653	2.704871964456353	chr8	9225000	9725000	1.0	4.459759466619822
chr8	9725000	10375000	1.0	1.950468414150123	chr8	9725000	10400000	1.0	0.3334237337251918
chr8	18725000	19200000	0.9023689270621824	0.43562859405209065	chr8	18725000	19200000	0.9023689270621824	0.017921907997262315
chr8	19200000	19675000	1.0	4.3403842354553985	chr8	19200000	19650000	0.882842712474619	0.07724299893246035
chr8	20300000	20850000	0.8169417382415922	0.0	chr8	20300000	20925000	0.866866718721158	0.0
chr8	23600000	24100000	0.882842712474619	0.23878685958711648	chr8	23625000	24125000	0.8326324463923127	0.16349873228287956
chr8	25400000	25925000	0.6328515852760933	0.0	chr8	25400000	25950000	0.7907905579903911	0.0
chr8	26550000	27075000	0.6306019374818707	0.0	chr8	26550000	27100000	0.6573619960266376	0.0
chr8	29975000	30475000	1.0	4.225866161464264	chr8	30000000	30450000	0.8242640687119285	3.7347999269480923
chr8	40350000	40900000	0.882842712474619	0.0	chr8	40300000	40875000	0.8047378541243649	0.0
chr8	40900000	41400000	1.0	4.302197175971706	chr8	40875000	41475000	0.926776695296637	5.066788835540089
chr8	48125000	48675000	1.0	3.8086424679180646	chr8	48150000	48700000	0.8744743347942345	4.182890892745479
chr8	52500000	52975000	0.9511844635310913	1.9360882361798069	chr8	52500000	52975000	0.9511844635310913	2.9439213265534856
chr8	52975000	53450000	1.0	0.0	chr8	52975000	53425000	1.0	0.0
chr8	53900000	54700000	0.9186407725518189	0.0	chr8	53875000	54750000	0.9363275611275103	0.0
chr8	58325000	58850000	0.6481812160876684	0.0	chr8	58325000	58950000	0.882842712474619	0.007195501404203767
chr8	60050000	60900000	0.8507961100578273	0.0	chr8	59975000	60925000	0.7833783421398967	0.33913738491958556
chr8	61525000	62050000	1.0	2.5304453546929064	chr8	61575000	62075000	1.0	1.5210507369009634
chr8	62725000	63875000	0.7406629031222604	0.0	chr8	62500000	64000000	0.6076256315448694	4.2695007492988895
chr8	64275000	65425000	0.7985627445735342	0.0	chr8	64250000	65350000	0.8077441350367511	0.0
chr8	67950000	68700000	0.9483129613858614	2.9947607285495756	chr8	67825000	68475000	1.0	4.703377603127186
chr8	71050000	71625000	0.8618033988749895	4.027979695583509	chr8	71050000	71625000	0.8618033988749895	4.5763709674859445
chr8	71625000	72650000	0.7661028593131118	0.0	chr8	71625000	72700000	0.7764868366893203	0.0874628412503394
chr8	72650000	73150000	0.6869486790532873	0.009586048829197932	chr8	72700000	73175000	0.8047378541243649	0.35802109746594574
chr8	73150000	73800000	0.7563673088616149	0.04264433740849372	chr8	73175000	73800000	0.734218882394489	0.0
chr8	74150000	74600000	1.0	8.541629055524322	chr8	74125000	74575000	1.0	10.642128429985036
chr8	75275000	75825000	1.0	0.0	chr8	75275000	75850000	0.8576783947341315	0.0874628412503394
chr8	77500000	78050000	0.8576783947341315	2.36667191611176	chr8	77275000	78050000	0.9204741077255334	3.8557405917150294
chr8	82900000	84825000	0.5710595253489923	0.0	chr8	83225000	84800000	0.6595486723384435	0.0
chr8	84825000	85525000	0.8019355404584606	0.0	chr8	84800000	85500000	0.7898619122929001	0.0
chr8	85525000	85975000	1.0	0.0	chr8	85500000	85950000	0.8535533905932737	0.0
chr8	91975000	92475000	0.9581581115980782	1.7786291258955675	chr8	91975000	92425000	0.9	4.179272173701565
chr8	92475000	92950000	0.9414213562373095	0.0	chr8	92425000	93025000	0.8734919064303394	0.0
chr8	92950000	93825000	0.8382221710264361	3.7639426604472503	chr8	93025000	94125000	0.8563343631735272	1.651530117660146
chr8	95750000	96300000	0.9375	3.6401002978903896	chr8	95825000	96325000	0.7316171919370917	5.18322182405577
chr8	96300000	96850000	0.684443071452822	0.0	chr8	96325000	96850000	0.6217402213983222	0.0
chr8	98600000	99150000	0.9511844635310913	7.894982286974401	chr8	98600000	99125000	1.0	9.564435332546696
chr8	100375000	100875000	0.8326324463923129	0.0	chr8	100400000	100875000	0.7071067811865475	0.0
chr8	102675000	103225000	0.8169417382415922	0.1763227726404629	chr8	102675000	103250000	0.8169417382415921	1.9164766444377166
chr8	104075000	104575000	0.7946278254943948	3.101698094701535	chr8	104100000	104550000	1.0	4.307012102894396
chr8	104575000	105225000	0.9733733437442317	0.0	chr8	104550000	105225000	0.9755922317655457	0.0
chr8	107900000	108575000	0.697774447066575	0.28095631383105635	chr8	108050000	108575000	0.5892556509887895	4.968321196106267
chr8	109825000	110350000	0.9163162231961564	3.76959544609338	chr8	109850000	110300000	0.9267766952966369	0.04963076772460043
chr8	112425000	112875000	1.0	0.0	chr8	112375000	112875000	0.9414213562373095	0.0
chr8	118300000	118850000	0.9581581115980782	4.789207575347344	chr8	118350000	118825000	0.882842712474619	4.55428186262639
chr8	125500000	126075000	1.0	5.13815914522947	chr8	125500000	126100000	0.875	6.593249180763268
chr8	130300000	130750000	1.0	0.0	chr8	130300000	130775000	1.0	0.0
chr8	135950000	136425000	0.7071067811865475	0.0	chr8	135925000	136475000	0.7071067811865475	1.464668267003444
chr8	140650000	141175000	0.5892556509887895	0.0	chr8	140675000	141150000	0.7071067811865475	0.056583528366367514
chr8	141700000	142200000	0.8744743347942345	5.63814625981274	chr8	141700000	142150000	1.0	4.612205036694896
chr8	142875000	143575000	0.9052128425358745	2.2016338611696504	chr8	142950000	143575000	0.9414213562373095	1.3659724275933836
chr9	1050000	1925000	0.9866866718721159	0.0	chr9	1050000	1875000	1.0	0.0
chr9	6775000	7250000	0.9414213562373096	0.0	chr9	6800000	7275000	0.9023689270621824	0.0
chr9	19025000	19475000	0.75	6.852471546297361	chr9	19025000	19475000	0.75	7.9000214670377815
chr9	35100000	35625000	0.9163162231961564	5.066704281083543	chr9	35100000	35550000	0.8535533905932737	5.078396351951206
chr9	73250000	73925000	0.8181980515339463	0.0	chr9	73250000	73875000	0.751974105885152	0.0
chr9	75850000	76300000	0.882842712474619	0.0	chr9	75825000	76275000	0.882842712474619	0.0
chr9	77300000	77850000	1.0	2.9208649287098893	chr9	77350000	77825000	0.9023689270621824	2.840966704487421
chr9	77850000	78450000	0.6816514520652789	0.0	chr9	77825000	78500000	0.75045033452869	0.0
chr9	78450000	78975000	0.7071067811865475	1.4329594072761063	chr9	78500000	78975000	0.7071067811865475	0.0
chr9	81000000	81800000	0.8118221685504603	0.0	chr9	81025000	82100000	0.8320472434133578	0.0
chr9	86525000	86975000	1.0	5.454965473634712	chr9	86525000	86975000	1.0	6.399974266735813
chr9	93650000	94225000	0.9633883476483185	1.6392321632492775	chr9	93675000	94200000	0.9511844635310911	3.0916998341368105
chr9	95650000	96400000	1.0	4.773058596744789	chr9	95700000	96375000	0.9511844635310913	3.7421260111608374
chr9	97425000	97925000	1.0	4.335569005556748	chr9	97350000	97900000	0.8744743347942345	1.9653225483672545
chr9	97925000	98475000	0.9581581115980783	1.9288440367125677	chr9	97900000	98475000	1.0	2.912170802949953
chr9	98475000	99025000	0.9309016994374948	1.4087118610294291	chr9	98475000	99075000	1.0	2.7199135493237327
chr9	101950000	102575000	0.7889087296526012	7.662988741064153	chr9	101975000	102525000	0.8744743347942348	6.32930302481501
chr9	106800000	107500000	0.9098790095958609	0.4299878407448154	chr9	106975000	107500000	0.7071067811865475	0.0018022426339853836
chr9	108575000	109950000	0.7290035200610133	2.4195388915137848	chr9	108650000	109900000	0.7223041141199045	0.0
chr9	110175000	110650000	0.7357022603955158	0.8953026213333065	chr9	110175000	110675000	0.7316171919370918	0.09085343045111348
chr9	113400000	114100000	0.9755922317655457	0.989139007368233	chr9	113375000	114100000	0.9774697523989653	0.0024024902153046133
chr9	115150000	115625000	1.0	1.8288346494680556	chr9	115150000	115625000	1.0	3.7746553006129195
chr9	115925000	116450000	0.867851130197758	4.89024400719075	chr9	115950000	116450000	0.7821248191647022	4.30560578958543
chr9	117825000	118300000	0.7071067811865475	0.0	chr9	117850000	118325000	0.7071067811865475	0.014355292977070055
chr9	118300000	118850000	0.8047378541243649	0.0	chr9	118325000	118900000	0.8047378541243648	0.0
chr9	118850000	119450000	0.8084045244717941	1.805980272081387	chr9	118900000	119375000	0.7535533905932736	0.04963076772460043
chr9	124250000	124825000	1.0	4.375387026828883	chr9	124250000	124825000	1.0	0.06350294230615795
chr9	126175000	126800000	0.95	3.111031312388744	chr9	126175000	126800000	0.95	3.6319773202387453
chr9	131850000	132400000	0.8901650429449552	4.9516810373444935	chr9	131850000	132400000	0.8901650429449552	4.9079001288417174
chr9	134675000	135200000	1.0	4.098663781886574	chr9	134675000	135175000	0.9511844635310913	4.1101961777542
chr9	135875000	136325000	1.0	7.017769763924	chr9	135850000	136325000	0.9511844635310913	7.347659751348476
chrX	375000	1275000	0.8919586102894714	0.0	chrX	325000	1275000	0.8817400190866469	2.1929831699739917
chrX	1275000	1800000	0.7071067811865475	6.723106283231384	chrX	1275000	1775000	0.8618033988749895	4.392360359492232
chrX	2975000	3525000	0.7071067811865475	0.03562390973072122	chrX	3025000	3475000	0.7071067811865475	0.0
chrX	3875000	4375000	0.6481812160876685	0.0	chrX	3850000	4450000	0.765685424949238	0.0
chrX	9700000	10150000	1.0	3.2426025059289802	chrX	9700000	10150000	1.0	0.06626144226872127
chrX	14100000	14750000	0.7861427157873053	0.0	chrX	14075000	14775000	0.7253816228409733	0.0
chrX	14750000	15275000	0.6868867239266071	1.4698859762744638	chrX	14775000	15275000	0.6868867239266071	3.5338747772585464
chrX	15275000	15750000	1.0	3.4486073325339808	chrX	15275000	15750000	1.0	2.561801321273469
chrX	17800000	18375000	0.8169417382415922	0.3895668117627256	chrX	17750000	18425000	0.7264595351060167	2.6990518440168496
chrX	19550000	20200000	0.9755922317655457	2.115615931428109	chrX	19600000	20150000	0.926776695296637	0.4888577325705152
chrX	24725000	25200000	1.0	0.0	chrX	24700000	25225000	1.0	2.5273206078770474
chrX	26725000	27250000	0.9511844635310911	0.0	chrX	26675000	27425000	0.7796796083845573	0.0
chrX	28600000	30125000	0.6902498579874425	0.4382928515791469	chrX	28125000	30125000	0.5692220606104493	0.0
chrX	30550000	31000000	1.0	1.8632777244949101	chrX	30550000	31025000	0.9511844635310911	3.339137384919585
chrX	31000000	31700000	1.0	0.0	chrX	31025000	31700000	1.0	0.0
chrX	38525000	39025000	1.0	4.112283108598204	chrX	38475000	39025000	0.9267766952966369	4.814037647539975
chrX	39025000	39525000	0.8744743347942348	0.0	chrX	39025000	39525000	0.8744743347942348	0.0
chrX	45700000	46300000	0.7654541440584457	0.0	chrX	45650000	46250000	0.765685424949238	0.0
chrX	50750000	51250000	1.0	0.9360882361798067	chrX	50775000	51250000	1.0	0.007195501404203767
chrX	56300000	56775000	1.0	3.8006410973290845	chrX	56300000	56775000	1.0	3.5698556083309483
chrX	57100000	57600000	1.0	1.4462562298895645	chrX	57050000	57550000	1.0	2.5389519582808235
chrX	62425000	63000000	1.0	1.8499992594660977	chrX	62350000	62925000	1.0	4.455162801244506
chrX	68625000	69300000	0.7746975239896519	0.12267271882414003	chrX	68650000	69300000	0.7869867499538528	0.00898878322725476
chrX	72225000	73000000	0.8860970815725462	0.47819525793916595	chrX	72250000	73025000	0.8860970815725462	0.15833702716710066
chrX	74200000	75350000	0.8073125807791197	1.9597701552114675	chrX	74200000	75425000	0.8095463322737281	3.4550970283734066
chrX	98050000	99675000	0.6477252249420521	0.8155754288625726	chrX	98150000	99675000	0.6131594532342979	0.0
chrX	103425000	104150000	0.7216213466261495	0.010779838753242761	chrX	103600000	104225000	0.6287757738198267	0.0
chrX	114475000	114975000	1.0	4.5965376509834535	chrX	114425000	115025000	1.0	1.3059705209843862
chrX	118575000	119050000	0.9023689270621824	6.974456308198638	chrX	118625000	119075000	1.0	8.312894297181918
chrX	122675000	123300000	0.8432400654769225	3.263785613890802	chrX	122750000	123250000	1.0	6.3298411765306275
chrX	127700000	128625000	0.7471603285233306	0.0	chrX	127700000	128650000	0.7716132268759468	0.0
chrX	130875000	131400000	0.8414213562373096	1.2306129281414164	chrX	130900000	131375000	0.9267766952966369	4.031365786830295
chrX	139125000	139825000	0.638371410476825	0.8894735425311092	chrX	139100000	139850000	0.7195781335261764	0.010779838753242761
chrX	139825000	140550000	0.7525902921333221	1.948974554279771	chrX	139850000	140575000	0.8026025491562422	0.008630305143440056
chrX	140550000	141400000	0.8357753066901091	0.01197264166607594	chrX	140575000	141400000	0.8292140736809579	2.438514651109277
chrX	144775000	146600000	0.5878273216196723	0.0	chrX	144375000	146900000	0.4183729822557639	0.0
