chr1	11900000	12850000	0.745812289025486	5.1993498405129595	chr1	11950000	12850000	0.8535533905932737	3.8417635071406098
chr1	30150000	31250000	1.0	0.11103131238874395	chr1	30200000	31200000	0.8658085959685459	0.3895668117627256
chr1	36950000	37900000	0.9511844635310913	0.0	chr1	36950000	37950000	0.8535533905932736	2.6604951318885135
chr1	38450000	39400000	0.6421334847649001	3.528660613893897	chr1	38450000	39400000	0.6421334847649001	4.598339680912144
chr1	49300000	50750000	0.8828427124746189	0.00480098626382128	chr1	49400000	50750000	0.8318956251193912	0.08406426478847455
chr1	50750000	51750000	0.921030513642851	3.4239814776165503	chr1	50750000	51750000	0.921030513642851	3.53605290024021
chr1	54400000	55550000	1.0	3.5571956245285468	chr1	54300000	55500000	0.8576783947341315	4.357917368913526
chr1	57250000	59100000	0.8249850015401775	0.7100257669702901	chr1	57250000	59100000	0.8249850015401775	2.767478246191493
chr1	60350000	61300000	0.7071067811865475	0.025028794491522448	chr1	60350000	61300000	0.7071067811865475	0.160274831408593
chr1	66200000	67150000	0.9023689270621824	3.374343989038501	chr1	66200000	67150000	0.9023689270621824	2.0789513413948217
chr1	73150000	74400000	0.9414213562373096	0.0	chr1	73100000	74200000	0.6843592167691146	0.0
chr1	76200000	77550000	0.8851100286299705	3.286881147788161	chr1	76300000	77550000	0.7449747468305832	0.5655971758542251
chr1	82450000	84300000	0.7632025007949284	0.0	chr1	82400000	84300000	0.7798147831888742	0.0
chr1	84300000	85650000	0.7934327749393864	3.4006430171782607	chr1	84300000	85300000	0.9285714285714286	4.187407063387116
chr1	87650000	88600000	0.8535533905932737	6.002927502063068	chr1	87650000	88550000	0.9267766952966369	5.735115955967403
chr1	97350000	98400000	1.0	2.576522137920503	chr1	97450000	98550000	0.8047378541243649	3.851499202461257
chr1	101950000	103100000	0.9023689270621824	0.0	chr1	102000000	102950000	1.0	0.3334237337251918
chr1	157000000	158150000	0.8169417382415922	2.5412444862134222	chr1	157000000	158050000	1.0	3.784399284280013
chr1	158150000	159150000	0.9166666666666666	1.3562612122712279	chr1	158050000	159150000	0.8420610272857023	4.159400450369144
chr1	168200000	169450000	0.8446148857984959	2.502871574574139	chr1	168250000	169350000	1.0	7.261443505159181
chr1	169800000	170850000	0.9999999999999999	3.3975291797113907	chr1	169850000	170950000	0.8658085959685459	5.018255826536165
chr1	171450000	172600000	0.801776695296637	3.0967678547146886	chr1	171400000	172600000	0.9121320343559642	4.230020435705634
chr1	198650000	199550000	0.8535533905932737	0.0	chr1	198650000	199550000	0.8535533905932737	0.0
chr1	211400000	212700000	1.0	3.099524744001629	chr1	211700000	212650000	1.0	4.92445623862289
chr1	213300000	214350000	0.9414213562373096	0.021479727410451396	chr1	213350000	214350000	0.8744743347942345	0.021479727410451396
chr1	214800000	215800000	0.7612038749637413	4.683696454306516	chr1	214850000	215850000	0.8326324463923127	3.0430819818956625
chr1	221600000	222750000	0.9281725989548082	3.845239125638779	chr1	221600000	222650000	0.8744743347942345	4.662775171937777
chr10	1800000	3100000	0.7342645521815738	0.0	chr10	1950000	3150000	0.8901650429449552	6.5050175555281236
chr10	12150000	13200000	0.64975912597138	4.615690935646311	chr10	12050000	13150000	1.0	5.350961274716329
chr10	17450000	18550000	1.0	2.0868969675263207	chr10	17500000	18650000	0.8468133715066269	1.7771566660045015
chr10	27600000	28800000	0.7749859704614352	2.417650017160688	chr10	27700000	28800000	0.8373467368390076	3.5455977662756086
chr10	28800000	29700000	0.882842712474619	3.179909090014935	chr10	28800000	29750000	1.0	4.546971607292317
chr10	49900000	51150000	0.866866718721158	0.7567183336793377	chr10	50100000	51150000	0.9511844635310913	2.5127686759830103
chr10	75950000	77050000	0.790790557990391	4.0539801681876515	chr10	75950000	77000000	0.7071067811865475	3.8859810208109344
chr10	79650000	81100000	0.9321383476483185	9.941436479852698	chr10	79650000	81150000	0.9483129613858613	10.00065216488197
chr10	81100000	82150000	0.9023689270621825	3.6987741089036827	chr10	81150000	82100000	1.0	3.385373512320972
chr10	91550000	92550000	1.0	0.0	chr10	91500000	92550000	0.7781733707857081	0.0
chr10	98150000	99150000	0.9023689270621825	1.8869402757855869	chr10	98200000	99450000	0.7487334524999809	5.874930132863272
chr10	101150000	102050000	0.882842712474619	3.2512529740959035	chr10	101100000	102150000	0.6660277348523264	4.94145066319443
chr10	110300000	111550000	0.762919411083942	0.0	chr10	110150000	111600000	0.7969071533999416	0.0
chr10	114150000	115350000	0.8901650429449552	2.775313975253813	chr10	114300000	115350000	0.9581581115980782	0.1276332797258737
chr10	116050000	116950000	0.6767766952966369	2.1286233484191204	chr10	116050000	116950000	0.6767766952966369	3.5421342079675466
chr10	119150000	120150000	0.9166666666666667	2.5500797855124953	chr10	119050000	120150000	0.7181067922288351	3.8640623028549093
chr10	120800000	121750000	0.5338446573954877	5.03061698084563	chr10	120750000	121750000	0.7165353620799368	6.2322370308014925
chr10	122600000	123550000	0.9023689270621824	3.289834465177509	chr10	122650000	123800000	0.9163162231961565	4.639087423340364
chr10	127500000	128500000	1.0	3.7035806319379123	chr10	127500000	128450000	1.0	4.261468131615368
chr10	130700000	132000000	0.9095177968644246	4.056475148766656	chr10	130700000	132000000	0.9095177968644246	4.782736174675333
chr11	6700000	8650000	0.7424844101908034	3.315938800452524	chr11	6850000	8800000	0.8484801586696648	5.446809733738715
chr11	10850000	11850000	0.9076504843704677	2.749802401680049	chr11	10900000	11850000	0.5137067878119201	2.2239373385366132
chr11	13500000	14500000	0.9511844635310913	4.484030687891928	chr11	13500000	14450000	0.7788854381999831	5.47918743840019
chr11	18950000	20200000	0.9166666666666666	1.5610642330237914	chr11	18950000	20050000	0.844887651767585	3.139005548915167
chr11	20700000	22200000	0.8124220368340521	0.0	chr11	20650000	22150000	0.8535533905932737	0.10433665981473553
chr11	31100000	32300000	0.9349126180414551	4.504196631190082	chr11	31150000	32250000	0.9414213562373096	4.99178636315506
chr11	36650000	38100000	0.8535533905932737	0.0	chr11	36850000	37950000	0.7955048484370857	0.0
chr11	38900000	40150000	0.8535533905932737	0.0	chr11	38900000	40400000	0.8459708691207961	0.0
chr11	67200000	68250000	0.8373467368390075	5.866576683878183	chr11	66850000	68300000	0.7673605093390437	5.044541807851277
chr11	78300000	79300000	0.6811095647094811	2.4737869116143676	chr11	78350000	79300000	0.7357022603955158	0.16349873228287956
chr11	80000000	80950000	1.0	0.0	chr11	79950000	81200000	0.9674563090207275	0.0
chr11	80950000	82400000	0.8592724864350674	0.0	chr11	81200000	82450000	0.8934933749769264	0.0
chr11	84350000	85300000	1.0	0.0	chr11	84300000	85350000	0.9581581115980783	5.2731428593080825
chr11	91250000	92550000	0.8291456223588194	0.2630344058337938	chr11	91100000	92600000	0.8277098712862043	0.007195501404203767
chr11	110300000	111250000	1.0	0.8237493603082728	chr11	110350000	111250000	0.7071067811865475	0.06350294230615795
chr11	112050000	113100000	0.9511844635310911	3.1340155300584445	chr11	112050000	113100000	0.9511844635310911	2.043956872790206
chr11	114700000	116150000	0.8942900470858132	3.9625490229230604	chr11	115100000	116150000	0.7536629600351639	0.3045110418099531
chr11	120150000	121050000	1.0	2.0217335219472816	chr11	120150000	121050000	1.0	2.7447761861961797
chr11	128750000	129700000	0.7614223231766001	0.6637241261526712	chr11	128800000	129700000	0.7722854315746106	0.20633064787104957
chr12	3950000	4950000	0.9023689270621824	3.0220946141371607	chr12	3950000	4900000	0.6048656851399036	5.167852979669502
chr12	4950000	6100000	0.9008883476483185	2.564683016963639	chr12	4900000	6450000	0.8602863834935206	1.9167154814618346
chr12	16900000	18300000	0.8349895916156601	0.0	chr12	17150000	18250000	0.8169417382415922	0.0
chr12	18300000	19450000	0.9674563090207275	0.6535186707535996	chr12	18250000	19400000	0.7071067811865475	0.03280614508324147
chr12	28300000	29300000	0.8047378541243649	0.0	chr12	28000000	29100000	0.9581581115980782	3.373996142131237
chr12	31450000	32500000	0.882842712474619	2.3996838089970094	chr12	31400000	32500000	0.8795583496854359	4.6254896828684515
chr12	32950000	34200000	0.7209055542666047	0.7612852733616191	chr12	33000000	34200000	0.7429961096932651	3.0953618561228606
chr12	39650000	40700000	0.9581581115980783	0.2974849157105747	chr12	39550000	40450000	1.0	3.303050084681673
chr12	41200000	42400000	0.8535533905932737	0.007195501404203767	chr12	41450000	42400000	1.0	0.0
chr12	42850000	43800000	0.8535533905932737	4.105594275795191	chr12	42900000	43800000	0.7071067811865475	1.4541758931858022
chr12	44350000	45450000	0.875	0.09085343045111348	chr12	44300000	45400000	1.0	0.6461626571578937
chr12	45450000	46450000	0.6515228816828316	3.7708290460324903	chr12	45400000	46350000	0.8590533961144176	4.050936965225225
chr12	46450000	47400000	0.4472135954999579	5.854826836368533	chr12	46350000	47350000	0.8744743347942345	6.364419225355322
chr12	49200000	50150000	0.8535533905932737	7.6235069119317345	chr12	49200000	50250000	0.8333333333333334	7.0325736895021915
chr12	52450000	53400000	0.9414213562373096	3.881775120464228	chr12	52350000	53400000	0.8535533905932736	3.901239917823246
chr12	58250000	59650000	0.7850133987732651	2.848330825093853	chr12	58300000	59650000	0.8873487619948259	3.1432301347768923
chr12	60950000	62600000	0.7628959657224434	0.0	chr12	60900000	62550000	0.7768432618564171	0.0
chr12	67350000	68550000	0.8120711948192234	4.119356177039675	chr12	67550000	68500000	0.9023689270621825	6.209648311246554
chr12	70150000	71150000	1.0	3.1628545281905103	chr12	70200000	71100000	1.0	4.199574198978244
chr12	77450000	78400000	0.8047378541243649	2.852331830775988	chr12	77450000	78450000	0.9511844635310913	2.3190398155625362
chr12	79750000	80700000	0.7269045263121755	3.3325289281138675	chr12	79750000	80700000	0.7269045263121755	4.1588621062084545
chr12	87350000	88450000	0.882842712474619	1.8237493603082728	chr12	87350000	88350000	0.9414213562373096	0.0
chr12	100200000	101100000	0.6204757192910176	2.088735246190284	chr12	100250000	101150000	1.0	3.385737797781725
chr12	102250000	103250000	0.8535533905932737	3.5142274857307907	chr12	102250000	103250000	0.8535533905932737	4.998233119867702
chr12	105550000	106700000	0.8535533905932737	6.26725487215199	chr12	105700000	106650000	1.0	0.3895668117627256
chr12	120600000	121750000	0.8372815451036374	7.5264059405865575	chr12	120650000	121700000	0.7907905579903911	5.825968087167019
chr12	125500000	127450000	0.8580106880085953	3.1060132376221197	chr12	125500000	127300000	0.840799631409276	2.531693360861466
chr12	131150000	132250000	0.6767766952966369	6.350977055344831	chr12	131250000	132550000	0.8894427190999916	7.87005641847295
chr13	25000000	26000000	0.8867295401695068	2.4318903482861804	chr13	25000000	26000000	0.8867295401695068	3.7742599514327635
chr13	36500000	37500000	0.8590533961144176	1.903231130890004	chr13	36400000	37650000	0.9707106781186547	4.093846169827837
chr13	38250000	39500000	1.0	3.368302738293688	chr13	38250000	39550000	0.8090850477426444	4.786857696017215
chr13	40300000	41400000	0.8535533905932737	2.1529946054924354	chr13	40300000	41400000	0.8535533905932737	3.8001233528265286
chr13	41400000	42900000	0.8761427759411714	2.5161412511985697	chr13	41400000	42850000	0.9224438258837926	4.23208509872283
chr13	46050000	46950000	1.0	0.7830075664061418	chr13	46050000	46950000	1.0	7.4688043867066956
chr13	47400000	48550000	0.6268860096340382	0.007195501404203767	chr13	47400000	48500000	0.8077600538123579	0.0
chr13	50600000	51850000	1.0	1.8052924556007115	chr13	50500000	51750000	0.95	4.109221242611993
chr13	53850000	58100000	0.5535325925699239	0.0014419741739063218	chr13	54350000	58100000	0.6311491450954526	0.0
chr13	61050000	62500000	0.926776695296637	0.0	chr13	61100000	62500000	0.8153009687409353	0.021479727410451396
chr13	63650000	65000000	0.9549395047979305	0.0	chr13	63650000	65000000	0.9549395047979305	0.0
chr13	71150000	72500000	0.9023689270621824	0.007195501404203767	chr13	71150000	72550000	0.8535533905932737	0.0
chr13	73250000	74300000	1.0	2.5268200197245965	chr13	73250000	74250000	0.9511844635310913	4.400264666008542
chr13	75000000	75900000	0.9414213562373096	0.0	chr13	74900000	75850000	0.6637912502387826	0.0
chr13	79900000	81050000	0.8238015069303439	4.400310213532292	chr13	80150000	81050000	1.0	5.8304835164576465
chr13	85400000	86500000	1.0	0.5704629310260411	chr13	85400000	86550000	0.86982523608291	0.007195501404203767
chr13	88050000	89800000	0.8205145564329872	0.12432813500220179	chr13	88500000	89800000	0.8484983762782887	0.0
chr13	89800000	91700000	0.8176028175564782	0.0	chr13	89800000	91650000	0.7868894672248372	0.0
chr13	100250000	101250000	1.0	1.1190241031422743	chr13	100250000	101250000	1.0	2.269332429734163
chr13	107800000	108850000	0.9511844635310913	2.1325768426700082	chr13	107800000	108800000	1.0	0.0
chr13	112150000	113150000	0.8535533905932737	0.0	chr13	112150000	113150000	0.8535533905932737	0.0
chr14	20700000	21600000	1.0	3.446917864866026	chr14	20650000	21550000	1.0	4.428995592080142
chr14	29100000	30000000	0.8242640687119285	0.007195501404203767	chr14	29100000	30000000	0.8242640687119285	1.3476656563009706
chr14	30000000	30950000	0.9414213562373096	3.113533819591914	chr14	30000000	30950000	0.9414213562373096	0.007195501404203767
chr14	30950000	31900000	0.6102934096799205	3.639893646544171	chr14	30950000	31950000	0.7316171919370917	4.765269520690589
chr14	33050000	34250000	0.8169417382415922	0.0	chr14	33050000	34200000	0.8326324463923128	1.6461626571578936
chr14	38350000	39450000	0.8169417382415921	2.165107985144536	chr14	38350000	39400000	0.8535533905932736	0.017921907997262315
chr14	40000000	42000000	0.8044719187013452	0.0	chr14	40000000	42250000	0.797223630887761	0.8757800630684881
chr14	43650000	45300000	0.8121678424364114	0.0	chr14	43300000	45250000	0.6888389226766866	0.0
chr14	48800000	50050000	0.8047378541243649	0.0	chr14	48900000	50000000	0.9267766952966369	0.0
chr14	53750000	54850000	0.9163162231961564	1.7376867614098603	chr14	53850000	54850000	0.8867295401695068	0.0
chr14	62600000	63750000	1.0	3.7306399559167915	chr14	62700000	63750000	1.0	0.025028794491522448
chr14	66750000	67750000	0.9581581115980783	2.4978252309881133	chr14	66800000	67750000	0.8535533905932737	4.035037329100202
chr14	68250000	69350000	0.9999999999999999	4.681636664813941	chr14	68250000	69400000	0.806831709611622	4.695158678475356
chr14	70150000	71450000	0.9511844635310913	4.026431225124426	chr14	70200000	71550000	0.9999999999999999	4.069139700233461
chr14	78250000	79300000	0.8047378541243649	3.243745234733984	chr14	78300000	79350000	1.0	0.5753123306874369
chr14	79300000	80500000	0.8767766952966368	0.0	chr14	79350000	80450000	0.8093592167691145	0.0
chr14	80500000	81450000	1.0	1.7491766781170806	chr14	80450000	81350000	0.7071067811865475	0.04264433740849372
chr14	89500000	90500000	0.6421334847649001	3.138323004056484	chr14	89500000	90450000	0.8242640687119285	4.365535074984193
chr14	93300000	94300000	1.0	2.4844897079161883	chr14	93250000	94200000	0.6421334847649001	4.460265994278039
chr14	97450000	99850000	0.8912904095357085	0.0036022366801955253	chr14	97550000	99800000	0.8641380110480232	0.3490821463910891
chr14	99850000	100750000	0.8242640687119285	3.321687625674223	chr14	99800000	100800000	0.8077600538123578	4.768473075536624
chr15	22650000	23600000	0.7845177968644245	3.1161359902062746	chr15	22600000	23650000	1.0	4.31650781910311
chr15	27150000	28400000	0.8767766952966368	0.1309308698264487	chr15	27100000	28350000	0.8080988451387283	0.42760617278189966
chr15	40750000	41650000	0.9	3.50519529788997	chr15	40700000	41700000	0.6328515852760932	4.399911623934262
chr15	49550000	50650000	0.9511844635310911	2.86761410856737	chr15	49600000	50500000	0.8242640687119285	2.883425315907177
chr15	51350000	52450000	1.0	2.130781142771062	chr15	51350000	52450000	1.0	4.367784040263677
chr15	53100000	54150000	0.9581581115980783	0.0	chr15	53100000	54150000	0.9581581115980783	0.0
chr15	54150000	55450000	0.8558375965793723	0.0	chr15	54150000	55500000	0.8408977288307016	6.771192316351786
chr15	56700000	57750000	0.8744743347942346	3.9015909919033698	chr15	56750000	57700000	0.8894427190999916	3.728192635498049
chr15	70950000	72050000	1.0	5.065048064728305	chr15	71000000	72000000	0.9166666666666666	1.3006118636502704
chr15	83800000	84900000	0.5231705919951835	1.797843067065541	chr15	83900000	84950000	0.7011844635310913	0.3796209620557083
chr15	91550000	92650000	1.0	2.5310694927259543	chr15	91600000	92650000	0.85	1.3575520046180838
chr15	92650000	93550000	0.6035533905932737	1.8982083525087179	chr15	92650000	93600000	0.8	3.6866405878639643
chr15	96950000	97900000	0.5892556509887895	0.0	chr15	96950000	97850000	0.7071067811865475	0.5753123306874369
chr16	1950000	3100000	0.8468133715066269	6.699178925306004	chr16	1950000	3050000	0.9581581115980783	5.7843076667283855
chr16	13900000	14850000	0.6380711874576983	2.6913945785380853	chr16	13950000	14850000	0.882842712474619	3.5205793962898917
chr16	16450000	17650000	0.9633883476483185	4.955824240806441	chr16	16450000	17700000	0.8046935136970601	4.461397589926159
chr16	21500000	22500000	0.8666666666666668	4.368660913781733	chr16	21500000	22550000	0.7324045318333193	6.055090508415296
chr16	25800000	27100000	0.8402400624653896	0.0	chr16	25800000	27050000	0.8535533905932737	0.0
chr16	50900000	52150000	0.844614885798496	1.3219280948873624	chr16	50950000	52050000	0.9581581115980783	0.04264433740849372
chr16	68350000	69250000	1.0	3.702602139291713	chr16	68400000	69300000	0.75	4.095122700032981
chr17	3550000	4500000	0.7357022603955158	4.079131049297507	chr17	3500000	4450000	0.7357022603955159	3.595235099451902
chr17	5400000	6400000	0.9023689270621824	5.920561279271022	chr17	5450000	6400000	0.9023689270621824	2.12391445900198
chr17	9600000	10700000	0.8901650429449552	1.370363589104579	chr17	9650000	10750000	0.8333333333333333	2.4081683707081063
chr17	10700000	11950000	0.8105777222858805	1.6530600171045648	chr17	10750000	11900000	0.7036492638549277	1.9554368049094677
chr17	11950000	13000000	0.9511844635310911	4.170859778657061	chr17	11900000	13000000	0.7669223286977438	4.11153216121894
chr17	26900000	27850000	1.0	5.580645998295743	chr17	26850000	27850000	0.8744743347942348	6.859895946963918
chr17	44050000	45100000	0.9166666666666666	3.434461432441338	chr17	44050000	45100000	0.9166666666666666	3.7612409420806876
chr17	60550000	61850000	0.9339255650988789	4.238432036986235	chr17	60350000	61800000	0.9395943126204648	3.6479284549964306
chr17	63200000	64150000	0.782842712474619	0.39780296186248987	chr17	63200000	64150000	0.782842712474619	1.1473066987802936
chr17	72850000	73800000	0.5511708697745937	5.2595469012477585	chr17	72900000	73800000	1.0	5.721825481441926
chr17	79700000	80600000	0.9267766952966369	5.752694354819421	chr17	79600000	80550000	0.8535533905932737	4.3079432290283135
chr18	4150000	5150000	1.0	0.04963076772460043	chr18	4000000	5100000	0.7536629600351641	4.568640195419223
chr18	31500000	32450000	1.0	1.9791107550157856	chr18	31400000	32400000	1.0	2.4121040446775694
chr18	33550000	34450000	1.0	5.075693064310796	chr18	33550000	34450000	1.0	5.646486708605354
chr18	39600000	41100000	0.8556158926637027	0.0	chr18	39550000	41100000	0.9023689270621824	0.0
chr18	42050000	43100000	1.0	0.08065766334522519	chr18	42100000	43050000	0.8157378651666526	2.6530600171045644
chr18	43700000	44700000	1.0	1.5224210346524434	chr18	43700000	44650000	0.7269045263121755	1.9647682696740478
chr18	46000000	46950000	0.7071067811865475	4.5786368624717415	chr18	46100000	47000000	0.7071067811865475	4.702380501615525
chr18	54350000	55250000	1.0	0.00480098626382128	chr18	54300000	55200000	0.7071067811865475	4.223422549934937
chr18	64800000	66450000	0.8744743347942345	3.0158424542683173	chr18	64750000	66450000	0.9201200312326948	4.794589152644337
chr18	68250000	70300000	0.8219697879992816	0.0	chr18	68250000	70300000	0.8219697879992816	0.02856915219677092
chr18	75600000	77000000	0.8878600313905421	2.1268077031420347	chr18	75500000	76800000	0.9023689270621825	0.0
chr19	4700000	5750000	0.9511844635310913	5.874698619326427	chr19	4650000	5750000	0.7601100286299701	5.669434308987067
chr19	11750000	12900000	0.8744743347942348	4.200341343244313	chr19	11700000	12850000	0.6353162279285653	3.7595770188470996
chr19	12900000	13900000	0.8860379610028064	6.475770838304443	chr19	12850000	13850000	0.5527455120536571	4.738801607356271
chr19	20800000	22250000	0.8093592167691146	1.3523818914290764	chr19	20900000	22150000	0.8999999999999999	3.571424002736526
chr19	33550000	34950000	0.9005466754758884	4.587890002784225	chr19	33600000	34950000	0.6848412532008142	5.069131328541674
chr19	43000000	44150000	0.7071067811865475	4.027786936363546	chr19	43050000	43950000	0.8333333333333334	1.044643915054842
chr19	44150000	45100000	0.8535533905932737	3.2790860412775866	chr19	43950000	45150000	0.8744743347942345	3.250185165742901
chr19	50400000	51500000	0.6495961163186379	3.526322641926858	chr19	50600000	51650000	0.9414213562373095	2.3277574574611766
chr2	650000	1550000	0.8535533905932737	3.0027025203798234	chr2	700000	1850000	0.9023689270621825	0.08859392326898838
chr2	3800000	4900000	0.8169417382415922	0.0	chr2	3850000	4850000	0.7071067811865475	0.0
chr2	7100000	8900000	0.8395160197015705	7.691917957843985	chr2	6950000	8900000	0.7006958085495562	6.551765929823499
chr2	10800000	11850000	0.9023689270621825	4.358201477186475	chr2	10850000	11850000	0.8571428571428571	4.361534440482137
chr2	13200000	14400000	0.934912618041455	0.0	chr2	13200000	14150000	0.9511844635310913	0.0
chr2	16800000	17900000	0.7519684418199448	0.5008020530571576	chr2	16650000	17700000	0.8047378541243649	2.612352498752662
chr2	18550000	19600000	0.9023689270621824	3.3605398616518096	chr2	18550000	19550000	0.844887651767585	2.8087282634662976
chr2	24500000	26000000	0.9084708691207961	3.2443543202001583	chr2	24500000	25950000	0.8825825214724776	4.425996321351079
chr2	26550000	27800000	0.7020776650678278	5.1724925159695285	chr2	26700000	27900000	0.7861427157873053	4.634559500893311
chr2	30950000	31900000	1.0	2.3715588626119635	chr2	30950000	31900000	1.0	2.1417597473138996
chr2	32750000	33850000	1.0	6.008568682751326	chr2	32850000	33900000	1.0	4.918088027570219
chr2	34350000	35850000	0.7689563036811942	0.0	chr2	33900000	35750000	0.8502752846533829	0.0
chr2	38150000	39050000	1.0	4.583759753639499	chr2	38150000	39050000	1.0	6.1695385135065575
chr2	41050000	42000000	0.6204757192910176	0.0	chr2	40950000	42000000	0.7349506986804325	0.0
chr2	50700000	52350000	0.7596194077712559	0.04264433740849372	chr2	50750000	52950000	0.7463827000549308	0.1505596765753814
chr2	54100000	55000000	1.0	3.2045059362200443	chr2	54050000	54950000	0.9267766952966369	3.642509045638126
chr2	74750000	75950000	0.8576783947341317	3.9687996931115554	chr2	74800000	75900000	0.7368033988749895	4.833070791690307
chr2	77750000	79100000	0.7653651898696794	0.0	chr2	77750000	79400000	0.8686971755771087	0.20539251298968486
chr2	102500000	103500000	0.6495961163186379	1.4329594072761058	chr2	102500000	103450000	1.0	2.320747224886642
chr2	105500000	106700000	0.6562491622727777	5.452090200923975	chr2	105600000	106700000	0.8130805229265299	3.3653503751784917
chr2	109450000	110450000	0.9023689270621825	3.405481881977208	chr2	109500000	110500000	1.0	2.4459252985792728
chr2	111400000	112550000	0.82106674238245	2.362703656074854	chr2	111350000	112550000	0.7957511620088359	5.031512828061722
chr2	115600000	118550000	0.7343440649732172	0.0	chr2	114850000	118050000	0.7043058359503879	0.0
chr2	127750000	128850000	0.9023689270621825	3.2982672883115756	chr2	127800000	129050000	0.7137067878119201	3.928212383882473
chr2	138550000	139650000	0.8571428571428572	1.6743099863164383	chr2	138600000	139600000	0.8678511301977578	3.1396877710118107
chr2	143900000	145300000	0.8686971755771088	3.5837597536394994	chr2	144250000	145400000	1.0	3.3930042568983216
chr2	145300000	146550000	0.7548455326271915	0.0	chr2	145400000	146650000	0.8767766952966368	0.0
chr2	160900000	162100000	0.7907771946788966	3.531849285751203	chr2	160900000	161950000	0.875	0.09536185612286018
chr2	162100000	163300000	0.864276695296637	3.648968687845484	chr2	162250000	163150000	0.882842712474619	1.414676780426886
chr2	180900000	181900000	0.844887651767585	5.965322548367255	chr2	180850000	181850000	0.8744743347942348	4.428443926153614
chr2	188300000	189350000	0.790790557990391	3.5649878009598903	chr2	188400000	189350000	0.8535533905932737	0.7441610955704102
chr2	193200000	196100000	0.775664227395028	0.0	chr2	193150000	195650000	0.7281596558902346	0.0
chr2	203250000	204150000	0.8242640687119285	2.005699395244108	chr2	203200000	204300000	0.9	4.636878338566241
chr2	205700000	206900000	0.8535533905932737	4.92765946070309	chr2	205700000	206850000	0.9633883476483185	0.24488705912353448
chr2	209200000	210150000	0.9511844635310913	0.0	chr2	209150000	210150000	0.9163162231961564	0.021479727410451396
chr2	226550000	228000000	0.8297275450153843	4.034743949324734	chr2	226600000	228050000	0.8975891973670658	2.907371413823564
chr2	230600000	231800000	0.6349978387184807	4.907264579178899	chr2	230550000	231700000	0.8053311757325766	6.106792648351174
chr20	10450000	11550000	1.0	1.7430840555495861	chr20	10450000	11600000	0.9163162231961564	1.297191416565856
chr20	36150000	37150000	0.783950530002834	4.631342436003454	chr20	36200000	37100000	0.8	3.351115917433077
chr20	50850000	52100000	0.9267766952966369	0.04963076772460043	chr20	50350000	52050000	0.8580533951105733	2.18269229751619
chr20	57350000	58400000	1.0	6.559814687328438	chr20	57300000	58550000	0.9444444444444444	5.877215693415928
chr20	60550000	61500000	0.4003834930466158	7.301552808574114	chr20	60500000	61500000	0.7614223231766	7.251015695231157
chr21	19450000	22300000	0.721290022696283	0.0	chr21	19500000	22350000	0.7424791127074138	0.10433665981473553
chr21	31400000	32400000	0.9511844635310913	0.0	chr21	31350000	32400000	0.7071067811865475	0.01738207822823655
chr21	34900000	36100000	0.8654320376686505	4.2718255099576465	chr21	35050000	36100000	0.867851130197758	5.397896284812717
chr21	37500000	38450000	0.8121320343559641	3.376239860844326	chr21	37400000	38400000	1.0	2.852914384808086
chr21	40700000	42450000	0.9201200312326946	3.790598292448303	chr21	40850000	42500000	0.7809913034122024	0.004321605950093468
chr22	29750000	30750000	0.9163162231961564	4.994868817529897	chr22	29700000	30650000	1.0	4.287643128525449
chr22	34400000	35650000	0.7449747468305832	0.0	chr22	34400000	35650000	0.7449747468305832	0.06350294230615795
chr22	35650000	36850000	1.0	5.085183847045264	chr22	35650000	36600000	0.8047378541243649	4.343437433961095
chr3	3250000	4250000	1.0	0.32192809488736235	chr3	3250000	4250000	1.0	0.0
chr3	23000000	24000000	0.7071067811865475	9.100725406262358	chr3	23000000	24000000	0.7071067811865475	9.009702673409581
chr3	25650000	27150000	0.8759842209099724	3.028745942227124	chr3	26100000	27200000	0.7955048484370857	0.0
chr3	28500000	30050000	0.9186733684195038	3.420886574975531	chr3	28500000	30050000	0.9186733684195038	1.9653225483672547
chr3	41900000	42900000	0.9163162231961564	3.3734626139278294	chr3	41900000	42850000	0.804737854124365	4.778313725265952
chr3	50300000	51450000	0.7506504832081076	4.359977914066882	chr3	50350000	51400000	0.882842712474619	3.603266023597218
chr3	60000000	61400000	0.9163162231961565	0.07724299893246035	chr3	60000000	61400000	0.9163162231961565	2.8308637567517576
chr3	67000000	67950000	0.7777777777777777	3.12391445900198	chr3	66950000	67950000	0.8420610272857022	5.048759311919855
chr3	67950000	69000000	0.6481812160876685	0.021479727410451396	chr3	67950000	69000000	0.6481812160876685	0.021479727410451396
chr3	69000000	70100000	0.8047378541243649	3.7957521076073086	chr3	69000000	70000000	0.8047378541243649	5.644927508221781
chr3	74000000	75200000	0.8734919064303392	1.4276061727818994	chr3	73750000	75150000	0.8222964832784034	0.12432813500220179
chr3	75750000	76800000	0.7591166993708715	2.3603642765434705	chr3	75750000	76800000	0.7591166993708715	3.5924570372680806
chr3	77550000	78600000	0.9163162231961564	0.0	chr3	77400000	78600000	0.8707106781186547	0.0
chr3	79600000	80550000	0.7071067811865475	4.03826057517535	chr3	79500000	80700000	0.86982523608291	5.281512801799726
chr3	88200000	89200000	1.0	3.931919390100041	chr3	88250000	89250000	0.8535533905932737	5.010556078374215
chr3	105200000	106300000	0.8475683661041614	2.8021932169418253	chr3	105250000	106400000	0.8618033988749895	6.290479698251308
chr3	114000000	114900000	0.8618033988749895	0.5945485495503543	chr3	113850000	114900000	0.9023689270621824	0.22032995487955562
chr3	121200000	122100000	1.0	1.26353525466399	chr3	121150000	122100000	0.7845177968644245	5.086773153056884
chr3	125350000	126250000	0.7071067811865475	2.26136365284928	chr3	125350000	126300000	1.0	2.1563966165976653
chr3	132400000	133450000	0.9023689270621825	4.015426203609607	chr3	132400000	133450000	0.9023689270621825	5.415014956992718
chr3	133450000	134350000	1.0	4.467898949746597	chr3	133450000	134350000	1.0	4.09550251765867
chr3	134350000	135700000	0.9012921420339177	2.086613947409496	chr3	134350000	135700000	0.9012921420339177	0.021479727410451396
chr3	135700000	136800000	0.9023689270621824	3.2620321862444173	chr3	135700000	136800000	0.9023689270621824	4.905206468795706
chr3	136800000	137700000	0.8242640687119285	0.0	chr3	136800000	137800000	0.9078689325833262	0.10097764772482092
chr3	137700000	138700000	0.9163162231961564	2.658606988484423	chr3	137800000	138750000	0.8	3.5323585229818337
chr3	152650000	154000000	0.7844168717389138	1.6561149574538807	chr3	152700000	153950000	0.8747546895706428	1.6415460290875237
chr3	154000000	155100000	0.9285714285714286	2.9523335663696852	chr3	153950000	154950000	0.8744743347942348	4.242983516109695
chr3	160250000	161250000	0.7536629600351641	2.349890945313962	chr3	160250000	161200000	0.7071067811865475	4.020961424893331
chr3	167600000	168650000	1.0	4.885330315476167	chr3	167750000	168650000	0.782842712474619	3.2816982500988297
chr3	176650000	177550000	1.0	3.6182386555954547	chr3	176600000	177600000	0.7907905579903909	5.323009710612814
chr3	179450000	180400000	0.5722854315746106	2.444269502413482	chr3	179400000	180400000	0.6380711874576983	5.436211820954217
chr3	187950000	188850000	0.8242640687119285	0.1309308698264487	chr3	187950000	188850000	0.8242640687119285	0.36737106564852945
chr3	191200000	192250000	1.0	0.0	chr3	191250000	192200000	0.7651650429449552	0.0
chr3	193300000	194200000	1.0	2.663913842115978	chr3	193300000	194200000	1.0	3.828580810276605
chr4	700000	1800000	1.0	4.905182395592343	chr4	650000	1700000	0.8239667075666242	4.521629365650102
chr4	4950000	5900000	1.0	2.3424599280187146	chr4	5000000	5900000	1.0	1.1121440737558184
chr4	12700000	13600000	1.0	2.0027025203798234	chr4	12700000	13650000	0.8242640687119285	4.1039172107520665
chr4	16400000	17500000	0.8901650429449554	5.262658655072225	chr4	16400000	17500000	0.8901650429449554	0.0
chr4	17500000	18650000	1.0	3.349966746971192	chr4	17500000	18650000	1.0	5.317570894506464
chr4	20750000	21650000	0.7071067811865475	0.0	chr4	20800000	21750000	0.6637912502387825	0.0
chr4	24450000	25350000	0.7071067811865475	3.4819262564243836	chr4	24400000	25400000	0.882842712474619	5.286003216596784
chr4	30650000	31850000	0.9121320343559642	4.349436051713822	chr4	30800000	32300000	0.9504441738241592	0.0
chr4	42050000	43000000	1.0	0.19061486020949714	chr4	41900000	42950000	0.8	4.8431583496185695
chr4	48100000	49100000	0.5097905627228	3.6901066449188673	chr4	48100000	49050000	1.0	5.077480389721814
chr4	57900000	59400000	0.7655221678498553	7.546585829008101	chr4	57950000	59050000	0.8901650429449552	0.014355292977070055
chr4	63050000	65500000	0.8931034140972921	0.0	chr4	63600000	65550000	0.8561535985462485	0.0
chr4	65500000	67650000	0.74627865354949	0.056583528366367514	chr4	65550000	68250000	0.7227246995579591	0.0
chr4	68250000	69200000	0.8242640687119285	1.6652411557781408	chr4	68250000	69150000	1.0	3.456733151277622
chr4	69200000	70450000	0.7608455386502575	1.4300175867276597	chr4	69150000	70150000	0.8894427190999916	2.991559637199347
chr4	70450000	71450000	0.9166666666666667	0.004321605950093468	chr4	70450000	71400000	0.5514401255621684	0.011853405743789227
chr4	74000000	75100000	0.8535533905932737	1.3310960837593278	chr4	74000000	75050000	0.7071067811865475	1.9366379390025705
chr4	77000000	78100000	0.7536629600351641	4.683892916907347	chr4	76950000	78150000	0.8914213562373094	5.200368096729045
chr4	82300000	83250000	0.819035593728849	0.07724299893246035	chr4	82150000	83200000	0.882842712474619	0.09085343045111348
chr4	84400000	85450000	0.7071067811865475	1.1276332797258741	chr4	84450000	85500000	1.0	0.21723071622066917
chr4	86600000	88800000	0.7729327832458346	1.764928444592806	chr4	85950000	88250000	0.7580402802314781	3.0262467726481943
chr4	97250000	99000000	0.8190355937288489	0.0	chr4	97300000	98950000	0.8560660171779823	0.0
chr4	99000000	99950000	0.824535599249993	4.683191141878241	chr4	98950000	99900000	0.7071067811865475	5.110926946993474
chr4	112950000	114150000	0.765685424949238	1.6976626334705183	chr4	112950000	114200000	0.8934933749769263	5.140548615912917
chr4	125200000	126200000	0.8047378541243649	2.422233000683048	chr4	125250000	126200000	0.8242640687119284	0.021479727410451396
chr4	127500000	128500000	0.9511844635310911	0.0	chr4	127450000	128500000	0.8535533905932737	0.0
chr4	129000000	130200000	0.8901650429449552	3.206721357430889	chr4	129050000	130150000	0.9267766952966369	4.273982042099106
chr4	142150000	143050000	0.8535533905932737	1.9671686075326278	chr4	142050000	143000000	0.9414213562373095	4.3251705123760456
chr4	145000000	146000000	0.7612038749637413	1.4524197212819239	chr4	145050000	146000000	0.9166666666666667	0.15919859484925394
chr4	148950000	149850000	0.618718433538229	0.6959938131099002	chr4	148950000	150200000	0.7869867499538525	0.08406426478847455
chr4	150850000	151950000	1.0	2.8553253201192637	chr4	150850000	152000000	1.0	4.216842842837263
chr4	156850000	158150000	0.9633883476483185	1.973060172804084	chr4	156850000	158100000	0.8956289079755356	1.5643781685650635
chr4	160450000	162250000	0.8522708028904398	0.0	chr4	160400000	162050000	0.8744743347942345	0.0
chr4	162250000	163250000	0.804737854124365	0.007195501404203767	chr4	162050000	163300000	0.8934933749769263	1.5704629310260412
chr4	178500000	180250000	0.8535533905932738	0.0	chr4	178400000	180300000	0.7958287070427396	0.021479727410451396
chr5	2150000	4900000	0.7409306425074857	0.9963887464476212	chr5	2150000	4800000	0.7218040904739927	0.0
chr5	6850000	7800000	1.0	0.0	chr5	6850000	7850000	1.0	0.056583528366367514
chr5	12050000	13900000	0.7902823013146313	0.0	chr5	11950000	13900000	0.821809496202351	0.0
chr5	17300000	18450000	0.9581581115980783	0.0	chr5	17200000	18350000	0.9375	6.804647329694112
chr5	35000000	36050000	0.9023689270621826	2.0671961648390362	chr5	35000000	36050000	0.9023689270621826	2.2298076280697736
chr5	69000000	70100000	0.4472135954999579	4.274075254506883	chr5	69000000	70150000	0.4472135954999579	5.546431488805665
chr5	80600000	81600000	0.8333333333333333	8.787285528449557	chr5	80600000	81600000	0.8333333333333333	9.203296608347863
chr5	84500000	86200000	0.8605270386602606	8.393948120223378	chr5	84350000	86200000	0.7667323750308505	9.66194729282418
chr5	86850000	88000000	0.9633883476483185	2.1906148602094975	chr5	86850000	88000000	0.9633883476483185	5.164906926675688
chr5	94800000	96050000	0.7949244862985005	4.9659521521365635	chr5	94850000	96000000	0.9210305136428512	5.047649424483401
chr5	98300000	99650000	1.0	0.0	chr5	98450000	99700000	0.7629194110839421	0.0
chr5	104150000	105550000	0.790790557990391	0.0	chr5	104250000	105350000	0.7071067811865475	0.0
chr5	107750000	108850000	1.0	3.701826258412055	chr5	107700000	108850000	0.9163162231961564	5.032615159858383
chr5	112950000	113850000	0.408113883008419	2.4776773275653072	chr5	113000000	113950000	0.882842712474619	1.7484612330040359
chr5	119200000	120200000	0.8535533905932736	4.948834425578686	chr5	118900000	120000000	0.7821248191647024	0.0036022366801955253
chr5	120200000	121300000	0.9511844635310913	0.8875252707415875	chr5	120000000	121400000	0.8492205211804293	2.3504972470841334
chr5	121850000	122900000	0.819035593728849	3.523457409150131	chr5	121800000	123000000	0.7853926598955111	3.84749588378871
chr5	125950000	126850000	0.9267766952966369	2.974345751819357	chr5	125600000	126850000	0.7343304503977202	4.534069386277888
chr5	132350000	133400000	0.5452163600932556	5.544609026381933	chr5	132350000	133350000	0.6328515852760932	6.031152550421214
chr5	143600000	145550000	0.8065127495668606	0.9411063109464315	chr5	143600000	145400000	0.8754336516702357	0.13531596451217093
chr5	164050000	165150000	1.0	0.0	chr5	164000000	164900000	0.9267766952966369	0.0
chr5	165150000	166400000	0.6741933958271166	0.0	chr5	164900000	166550000	0.845262593066622	0.0
chr5	168000000	168950000	1.0	1.5801454844233804	chr5	168100000	169000000	1.0	0.0
chr5	179100000	180100000	1.0	4.929465549976642	chr5	179000000	180050000	0.9511844635310911	6.077824536997546
chr6	1500000	2750000	0.6083674911155197	2.4781089491215225	chr6	1500000	2700000	0.827468177277773	3.392088405389457
chr6	3150000	4100000	1.0	4.7047889849779585	chr6	3150000	4200000	0.7955048484370857	3.9163463530300495
chr6	18550000	20050000	0.8352475644174331	2.145677455195635	chr6	18600000	20050000	0.8633164978870556	0.0
chr6	20500000	21550000	0.921030513642851	1.4698859762744638	chr6	20550000	21600000	0.9414213562373096	3.94345253855882
chr6	36400000	37300000	1.0	5.401402211798286	chr6	36400000	37300000	1.0	5.066681219917117
chr6	44300000	45350000	1.0	1.6266727526059934	chr6	44400000	45350000	1.0	0.8059802720813869
chr6	45900000	46800000	0.8535533905932737	0.375734538583156	chr6	45950000	46850000	0.9023689270621825	0.8867452247421088
chr6	50700000	52050000	0.6941718773007142	0.0	chr6	50700000	51950000	0.8914213562373094	0.13750352374993502
chr6	55100000	56250000	0.9349126180414551	0.007195501404203767	chr6	55100000	56150000	0.8590533961144177	0.0
chr6	56250000	57400000	0.9581581115980783	3.690337271755043	chr6	56150000	57400000	0.8462400684884555	4.331121682748654
chr6	65550000	67300000	0.89984141990469	0.02856915219677092	chr6	65200000	67250000	0.8079264801318046	0.014355292977070055
chr6	72850000	74050000	0.8015747534559559	0.9532652390148438	chr6	73100000	74000000	1.0	2.3766608275657886
chr6	79600000	80700000	0.7951783947341315	2.59191872937568	chr6	79500000	80600000	0.9163162231961564	5.792933418163806
chr6	85050000	86400000	0.9040440114519881	5.295906655297029	chr6	85050000	86050000	0.9163162231961565	2.4168397419128294
chr6	89600000	90500000	1.0	1.9922740467190045	chr6	89650000	90550000	0.8535533905932737	4.214642921731514
chr6	91800000	93550000	0.7950455808839912	0.0	chr6	91350000	93450000	0.8413380710414847	0.0
chr6	94200000	95750000	0.8642766952966369	0.0	chr6	94200000	95750000	0.8642766952966369	0.0
chr6	105900000	106800000	1.0	2.5008020530571575	chr6	105800000	106800000	0.4949747468305832	3.8376069101396757
chr6	107350000	108250000	0.7368033988749895	1.8555911077104519	chr6	107400000	108300000	0.75	3.7056462095231373
chr6	109800000	110800000	0.9210305136428512	1.8528866494733187	chr6	109850000	110800000	0.9511844635310911	3.0727489515606408
chr6	126200000	127550000	0.8452041315399876	2.647026632654853	chr6	126200000	127500000	0.9497466904999963	4.661991814540156
chr6	134400000	135300000	0.8383883476483185	6.714726335881169	chr6	134350000	135250000	0.9023689270621825	0.3045110418099531
chr6	142850000	143800000	0.8242640687119285	2.6454711040372514	chr6	142850000	143800000	0.8242640687119285	4.6462202716241014
chr6	155700000	156950000	0.872866724744224	0.0	chr6	155650000	156800000	1.0	0.014355292977070055
chr6	169250000	170150000	0.882842712474619	4.718567123616217	chr6	169200000	170100000	0.9414213562373095	0.03562390973072122
chr7	15200000	16150000	0.8017766952966369	0.007195501404203767	chr7	15200000	16100000	0.8017766952966369	0.07382023329167138
chr7	19700000	20650000	0.8242640687119285	1.221877081077034	chr7	19700000	20650000	0.8242640687119285	4.8060017610634
chr7	29650000	30700000	0.9163162231961564	5.419744869091667	chr7	29650000	30750000	0.8093592167691146	4.850317559531568
chr7	40850000	41850000	0.8744743347942345	5.439623137557117	chr7	40850000	41950000	0.9375	0.056583528366367514
chr7	41850000	42900000	0.8535533905932737	1.7548875021634687	chr7	41950000	42850000	0.6363961030678926	0.0
chr7	51400000	54700000	0.6937729029625568	0.0	chr7	51450000	54700000	0.7066723482959667	0.056583528366367514
chr7	62000000	62900000	0.875	0.0	chr7	62000000	63000000	0.6021400783523323	0.0
chr7	63200000	64250000	0.7181067922288351	0.7075247908996078	chr7	63000000	64400000	0.9051189298227544	3.277666001846271
chr7	70300000	71200000	0.6767766952966369	0.0	chr7	70300000	71250000	0.7414213562373095	0.09085343045111348
chr7	71200000	72300000	0.8901650429449552	0.0	chr7	71250000	72300000	0.8744743347942345	3.5807484917637744
chr7	75000000	76100000	1.0	6.332607245764762	chr7	75000000	76050000	0.8535533905932736	3.8614591663615125
chr7	86950000	87900000	0.9023689270621824	3.5664346462832817	chr7	87000000	87900000	0.7722854315746106	6.411886215454859
chr7	97550000	98500000	0.9	3.3093702415565383	chr7	97600000	98500000	0.9267766952966369	2.7650632003411655
chr7	99950000	101050000	0.9511844635310911	6.211676618868643	chr7	99600000	101000000	0.8213005915254501	3.9137560552518575
chr7	101050000	102150000	0.8744743347942348	4.571563052197551	chr7	101000000	102200000	0.9267766952966369	3.7341134540440692
chr7	123700000	124600000	0.8242640687119285	2.444269502413482	chr7	123650000	124600000	0.782842712474619	4.7755773609306535
chr7	141950000	142850000	0.875	0.057213939143664794	chr7	142000000	143100000	1.0	2.491313039221356
chr7	152600000	154100000	0.7948446513295127	0.0	chr7	152600000	153700000	0.8169417382415922	0.014355292977070055
chr7	154600000	155550000	0.882842712474619	1.7030268496877923	chr7	154550000	155600000	0.819035593728849	3.9982707356013636
chr7	155550000	156650000	0.8571428571428571	0.5046203924035528	chr7	155600000	156600000	0.9023689270621824	1.33771109212829
chr7	157250000	158350000	0.9581581115980783	0.0	chr7	157250000	158350000	0.9581581115980783	0.0
chr8	3150000	6150000	0.6844458459122763	0.07724299893246035	chr8	2850000	6050000	0.7114474081024451	0.8953026213333065
chr8	8000000	9000000	0.790790557990391	2.6151808513152424	chr8	8000000	9050000	1.0	2.0305883198334227
chr8	21800000	22950000	0.8618033988749895	4.781551387545038	chr8	21750000	22950000	0.644542187685626	4.0700519235281725
chr8	23250000	24250000	1.0	5.815024578979899	chr8	22950000	24300000	0.8073816279374139	3.342696959981935
chr8	36600000	37650000	0.9023182522881197	3.6925573859202006	chr8	36600000	37600000	0.6479334151332481	2.47864829453918
chr8	38800000	39800000	0.6637912502387825	4.835576745038752	chr8	38750000	39750000	0.8744743347942348	4.530757457461217
chr8	55550000	56600000	1.0	0.0	chr8	55500000	56550000	1.0	0.025028794491522448
chr8	64250000	65400000	0.9267766952966369	0.0	chr8	64100000	65350000	0.8558375965793723	0.0
chr8	66500000	67450000	0.882842712474619	2.8957334694896786	chr8	66500000	67400000	1.0	3.6018285528184757
chr8	69400000	70600000	0.6811174626178884	5.2753795962536225	chr8	69450000	70450000	0.6699791832313203	0.5993177936982264
chr8	71650000	72650000	0.9414213562373096	0.0	chr8	71650000	72650000	0.9414213562373096	0.1984941536390832
chr8	77200000	78300000	0.8901650429449552	3.2172307162206693	chr8	77200000	78400000	0.934912618041455	5.340829278196037
chr8	78300000	79300000	0.9163162231961564	0.0	chr8	78400000	79300000	0.7071067811865475	0.0
chr8	82700000	85400000	0.7449068384846282	0.853995647176393	chr8	82700000	84650000	0.7916177336401445	2.0925457415435655
chr8	85400000	86400000	0.9511844635310913	1.8674572205607678	chr8	85450000	86450000	1.0	4.3548125855700635
chr8	87600000	88600000	0.8535533905932736	0.0	chr8	87600000	88650000	0.7071067811865475	0.08406426478847455
chr8	96300000	97250000	0.5892556509887895	4.236492618381303	chr8	96350000	97350000	1.0	6.687428175934548
chr8	97250000	98600000	0.8846153846153847	4.7119353569789215	chr8	97350000	98550000	0.7760507643665735	3.644433152406245
chr8	108750000	109800000	0.6242640687119285	5.090959258071985	chr8	108800000	109800000	0.8333333333333334	7.573902760432765
chr8	126750000	127800000	1.0	0.22032995487955562	chr8	126800000	127750000	0.882842712474619	0.0
chr8	127800000	128750000	0.9	4.964860664245848	chr8	127750000	128800000	0.6194715560037098	4.452035273546196
chr8	130850000	131850000	0.8308640753373011	4.71918344048179	chr8	130800000	131800000	0.9078689325833263	5.588764598181735
chr8	131850000	133100000	1.0	1.8579809951275723	chr8	131800000	133100000	1.0	3.2090633953492707
chr8	141550000	142450000	1.0	3.73977096766892	chr8	141400000	142450000	1.0	3.850999394716473
chr9	1050000	2000000	0.6031495069119116	0.0	chr9	1100000	2150000	0.8242640687119285	6.585788808074967
chr9	5750000	6800000	0.9414213562373096	2.0464910601940334	chr9	5750000	6850000	1.0	4.812831906235509
chr9	10400000	12500000	0.8257517352391989	0.04963076772460043	chr9	10050000	12500000	0.8341018711531551	0.070389327891398
chr9	15700000	16950000	0.9	2.6507645591169022	chr9	15750000	16850000	0.6944895939818646	0.04963076772460043
chr9	22400000	23350000	1.0	0.014355292977070055	chr9	22550000	23500000	0.6868867239266071	0.0
chr9	23350000	25850000	0.6910212523605528	0.8965947799874341	chr9	23500000	25850000	0.7603188467034233	0.9842855291460256
chr9	33700000	34650000	0.8047378541243649	4.04592343960255	chr9	33350000	34650000	0.866866718721158	3.3738801745220837
chr9	34650000	35650000	0.9023689270621825	4.2415455420089145	chr9	34650000	35650000	0.9023689270621825	4.196242204182796
chr9	79850000	80900000	0.9581581115980782	3.139414920885061	chr9	79850000	81050000	0.912132034355964	4.911451911626604
chr9	80900000	81800000	1.0	5.296457407371244	chr9	81050000	81950000	0.7071067811865475	0.0
chr9	87050000	88350000	0.8779611588277281	0.014355292977070055	chr9	87050000	88300000	0.7977855200223771	2.771885578515366
chr9	93600000	94500000	0.8535533905932737	3.4721628035503684	chr9	93650000	94800000	0.8901650429449552	1.867896463992655
chr9	97950000	99000000	0.8744743347942345	2.1342209397606333	chr9	98000000	99000000	0.7421086416009122	3.1436383099220366
chr9	103400000	107450000	0.5812771522080671	1.1993669802377245	chr9	104350000	107500000	0.6043180908517797	2.0344505098767804
chr9	107450000	108450000	0.6894427190999916	1.9193400824420124	chr9	107500000	108600000	0.6631391552437635	4.070389327891398
chr9	108450000	109350000	0.7885800941716263	1.608809242675524	chr9	108600000	109500000	0.9267766952966369	0.0
chr9	113050000	114300000	1.0	4.820543693814145	chr9	113350000	114250000	1.0	4.187747955768911
chr9	123300000	124200000	1.0	5.002102397642015	chr9	123250000	124150000	0.882842712474619	4.66666192374993
chr9	130900000	131800000	1.0	4.871287240257495	chr9	130900000	131800000	1.0	4.4623373498127075
chr9	139300000	140500000	0.9674563090207275	4.730380403991313	chr9	139250000	140450000	1.0	3.565124250538724
chrX	1450000	2750000	0.821603021222213	5.943420570193268	chrX	1750000	2750000	0.9166666666666667	3.703765178793409
chrX	2750000	3900000	0.8373467368390075	2.2742616612570483	chrX	2750000	3850000	0.8901650429449554	2.9378151688034193
chrX	8700000	10100000	0.8620851370143499	2.111657346263132	chrX	8750000	9850000	0.5252750715749255	1.620117165028684
chrX	15700000	16800000	0.7651650429449552	2.877130728765659	chrX	15350000	16750000	0.7006171966695006	3.8360323156199874
chrX	16800000	17800000	0.6699791832313204	4.277612870756686	chrX	16750000	17750000	0.9023689270621825	6.053165653774413
chrX	25300000	26350000	0.6481812160876684	0.0	chrX	25300000	26600000	0.6919417382415922	0.01673401575980127
chrX	32400000	33450000	0.6565991539589369	2.3161457422933562	chrX	32300000	33400000	0.790790557990391	4.3150589663166246
chrX	33450000	34450000	0.8047378541243649	0.0	chrX	33400000	34450000	0.9023689270621824	0.0
chrX	36950000	38400000	0.8161760458079523	2.5579614268931965	chrX	37050000	38450000	0.8448267308794382	2.966937979278458
chrX	39400000	40400000	0.8326324463923128	2.6064422281316078	chrX	39500000	40400000	0.9267766952966369	2.690417095532466
chrX	43650000	45100000	0.9504441738241592	1.6651328494051394	chrX	43650000	45100000	0.9504441738241592	2.8328900141647417
chrX	73900000	75400000	0.8589150429449554	2.233939175164482	chrX	73700000	75400000	0.8760457649431328	4.240368851925538
chrX	96950000	99650000	0.7006035799413844	0.0	chrX	97050000	99750000	0.7201774479345587	0.0
chrX	102250000	103550000	0.9755922317655457	4.979119903338339	chrX	102250000	103550000	0.9755922317655457	3.794831718494194
chrX	115050000	116900000	0.7191083235744387	0.0	chrX	115050000	117450000	0.7607258998775992	2.9126498648972032
chrX	123350000	128550000	0.4710165464487115	0.00480098626382128	chrX	123400000	128600000	0.4688408571931449	1.5003771686362133
chrX	130900000	131900000	0.8496019422142796	1.1309308698264486	chrX	130850000	131900000	0.6194715560037098	4.663202278579537
chrX	131900000	132900000	0.8535533905932736	0.40053792958372864	chrX	131900000	132850000	0.6031495069119116	1.2395507966136452
chrX	136200000	137150000	0.7071067811865475	0.0	chrX	136150000	137150000	0.7071067811865475	0.056583528366367514
chrX	150900000	152000000	0.9581581115980782	1.8575545197711958	chrX	150900000	152000000	0.9581581115980782	1.9963887464476213
