chr1	11850000	12850000	0.7821248191647023	4.719850820105169	chr1	11950000	12850000	0.8535533905932737	3.8417635071406098
chr1	17900000	18950000	0.9163162231961565	0.2306129281414164	chr1	17850000	19150000	0.9733733437442316	0.26423615104354714
chr1	22400000	23350000	0.9	4.295355692891672	chr1	22400000	23300000	1.0	0.8027102192913425
chr1	30200000	31250000	0.8535533905932736	6.440661570655207	chr1	30200000	31200000	0.8658085959685459	0.3895668117627256
chr1	31250000	32150000	1.0	4.944837154401302	chr1	31200000	32150000	0.8102378596455089	5.675027859229185
chr1	36950000	37900000	0.9511844635310913	0.0	chr1	36950000	37950000	0.8535533905932736	2.6604951318885135
chr1	38450000	39450000	0.8894427190999916	5.071247819461443	chr1	38450000	39400000	0.6421334847649001	4.598339680912144
chr1	39450000	41000000	0.934912618041455	6.082255509383947	chr1	39400000	41000000	0.7427337690669534	5.638476139138343
chr1	46800000	47750000	0.8	3.845239125638779	chr1	46800000	47700000	0.7558336368008464	3.9662170282660583
chr1	49100000	50800000	0.8558610483575818	0.030336078370958728	chr1	49400000	50750000	0.8318956251193912	0.08406426478847455
chr1	50800000	51750000	0.6422588984322123	4.3027577156380366	chr1	50750000	51750000	0.921030513642851	3.53605290024021
chr1	60300000	61350000	0.9023689270621824	1.8533303508579908	chr1	60350000	61300000	0.7071067811865475	0.160274831408593
chr1	65250000	66200000	0.7788854381999831	5.835140886460665	chr1	65200000	66200000	0.7734590803390136	4.995748310466948
chr1	66200000	67150000	0.9023689270621824	0.05889368905356862	chr1	66200000	67150000	0.9023689270621824	2.0789513413948217
chr1	76450000	77500000	0.8190355937288492	0.03562390973072122	chr1	76300000	77550000	0.7449747468305832	0.5655971758542251
chr1	84300000	85350000	0.9511844635310911	4.4242876166325065	chr1	84300000	85300000	0.9285714285714286	4.187407063387116
chr1	87600000	88550000	0.8242640687119285	4.850249358286328	chr1	87650000	88550000	0.9267766952966369	5.735115955967403
chr1	95800000	97400000	0.9186407725518188	3.070389327891398	chr1	95750000	97450000	0.8789227678193623	3.269407240854037
chr1	97400000	98600000	0.8621320343559643	0.070389327891398	chr1	97450000	98550000	0.8047378541243649	3.851499202461257
chr1	101900000	102900000	0.8744743347942345	0.014355292977070055	chr1	102000000	102950000	1.0	0.3334237337251918
chr1	104100000	105250000	0.9581581115980783	0.0	chr1	104100000	105050000	0.9414213562373096	0.0
chr1	158150000	159100000	0.875	1.4233336878358316	chr1	158050000	159150000	0.8420610272857023	4.159400450369144
chr1	169850000	171350000	0.7821248191647023	1.7100925785127057	chr1	169850000	170950000	0.8658085959685459	5.018255826536165
chr1	171350000	172650000	0.7973778282549667	4.458338253643027	chr1	171400000	172600000	0.9121320343559642	4.230020435705634
chr1	175100000	176300000	0.8568533939059599	4.133673115550182	chr1	174850000	176300000	0.9471450235429066	4.926750626613232
chr1	198750000	199750000	0.6479334151332481	0.0	chr1	198650000	199550000	0.8535533905932737	0.0
chr1	204900000	205800000	0.5	3.5073982409543047	chr1	204900000	205800000	0.5	3.575577062722683
chr1	213350000	214350000	0.8744743347942345	0.07724299893246035	chr1	213350000	214350000	0.8744743347942345	0.021479727410451396
chr1	214850000	215800000	0.9023689270621824	4.787380222296338	chr1	214850000	215850000	0.8326324463923127	3.0430819818956625
chr10	1850000	3150000	0.7858300914110545	4.976134472831655	chr10	1950000	3150000	0.8901650429449552	6.5050175555281236
chr10	27650000	28750000	0.9285714285714286	2.861161365753398	chr10	27700000	28800000	0.8373467368390076	3.5455977662756086
chr10	28750000	29850000	1.0	4.5932790644561425	chr10	28800000	29750000	1.0	4.546971607292317
chr10	31000000	32050000	1.0	1.2377676472233639	chr10	30950000	32150000	0.6891333969554893	3.401448434530889
chr10	35950000	37150000	0.739696106380579	0.8953026213333068	chr10	35950000	37200000	0.7045922231271875	3.309612772454123
chr10	77850000	78800000	0.882842712474619	0.0	chr10	77850000	78800000	0.882842712474619	0.0
chr10	81150000	82050000	0.9267766952966369	3.236237477335295	chr10	81150000	82100000	1.0	3.385373512320972
chr10	91600000	92600000	0.9414213562373096	0.0	chr10	91500000	92550000	0.7781733707857081	0.0
chr10	101100000	102100000	0.8744743347942345	3.9673991989246136	chr10	101100000	102150000	0.6660277348523264	4.94145066319443
chr10	114300000	115400000	0.8901650429449554	0.14077865578279594	chr10	114300000	115350000	0.9581581115980782	0.1276332797258737
chr10	119050000	120100000	1.0	3.377123749129487	chr10	119050000	120150000	0.7181067922288351	3.8640623028549093
chr10	122600000	123750000	1.0	4.186817459357113	chr10	122650000	123800000	0.9163162231961565	4.639087423340364
chr10	127500000	128500000	1.0	4.348078942927202	chr10	127500000	128450000	1.0	4.261468131615368
chr11	10900000	11900000	1.0	2.8931194758359178	chr11	10900000	11850000	0.5137067878119201	2.2239373385366132
chr11	13400000	14400000	0.8326324463923129	4.674121632632395	chr11	13500000	14450000	0.7788854381999831	5.47918743840019
chr11	15850000	16750000	0.882842712474619	6.689089451248381	chr11	15750000	16700000	0.8535533905932737	7.391802082519347
chr11	18900000	19850000	0.9267766952966369	2.220845847980311	chr11	18950000	20050000	0.844887651767585	3.139005548915167
chr11	20700000	22250000	0.7006634229040065	0.1763227726404629	chr11	20650000	22150000	0.8535533905932737	0.10433665981473553
chr11	30250000	31250000	0.9581581115980783	3.1882426562644093	chr11	30200000	31150000	1.0	4.403494972090246
chr11	31250000	32250000	0.8047378541243649	4.425929205208577	chr11	31150000	32250000	0.9414213562373096	4.99178636315506
chr11	36750000	37650000	0.8894427190999916	0.0	chr11	36850000	37950000	0.7955048484370857	0.0
chr11	37650000	38900000	0.8305415260169907	0.0	chr11	37950000	38900000	0.5892556509887895	0.0
chr11	38900000	40300000	0.8190355937288492	0.0	chr11	38900000	40400000	0.8459708691207961	0.0
chr11	40300000	41400000	0.8169417382415922	0.0	chr11	40400000	41500000	1.0	1.3895668117627258
chr11	55550000	56600000	0.9023689270621824	0.0004006929732434943	chr11	55650000	56550000	0.5892556509887895	0.0
chr11	71250000	72300000	0.8102378596455088	4.1045044052995925	chr11	71500000	72400000	1.0	4.2510625990604405
chr11	78350000	79300000	0.7357022603955158	0.0	chr11	78350000	79300000	0.7357022603955158	0.16349873228287956
chr11	81250000	82400000	0.9163162231961564	0.0	chr11	81200000	82450000	0.8934933749769264	0.0
chr11	92600000	93500000	0.882842712474619	3.3218078652909857	chr11	92600000	93500000	0.882842712474619	4.217359984178364
chr11	100900000	101950000	0.9166666666666666	0.18776774704602484	chr11	100950000	102000000	0.9511844635310913	0.029747343394051932
chr11	108650000	109700000	1.0	0.0	chr11	108750000	109650000	0.7071067811865475	0.0
chr11	110350000	111250000	0.7071067811865475	0.0	chr11	110350000	111250000	0.7071067811865475	0.06350294230615795
chr11	112050000	113150000	0.7967216809816517	2.933572638261024	chr11	112050000	113100000	0.9511844635310911	2.043956872790206
chr11	120150000	121050000	1.0	1.878585226388373	chr11	120150000	121050000	1.0	2.7447761861961797
chr12	15200000	16100000	0.9267766952966369	4.1473066987802945	chr12	15300000	16200000	0.44721359549995787	5.699940237250258
chr12	18350000	19800000	0.8721658548058111	1.8402953712780576	chr12	18250000	19400000	0.7071067811865475	0.03280614508324147
chr12	19800000	21350000	0.8036329681223249	0.003088181787570462	chr12	19800000	21350000	0.8036329681223249	0.381678902332413
chr12	27850000	29150000	0.9201200312326949	4.064293676796158	chr12	28000000	29100000	0.9581581115980782	3.373996142131237
chr12	33000000	34150000	0.8901650429449552	1.8529975876133165	chr12	33000000	34200000	0.7429961096932651	3.0953618561228606
chr12	41350000	42400000	0.9414213562373096	0.0	chr12	41450000	42400000	1.0	0.0
chr12	44350000	45450000	0.875	0.2630344058337938	chr12	44300000	45400000	1.0	0.6461626571578937
chr12	52450000	53400000	0.9414213562373096	5.236208668253177	chr12	52350000	53400000	0.8535533905932736	3.901239917823246
chr12	58300000	59550000	0.8454653676892976	3.6166713604484944	chr12	58300000	59650000	0.8873487619948259	3.1432301347768923
chr12	60950000	62550000	0.7533530788939349	0.0	chr12	60900000	62550000	0.7768432618564171	0.0
chr12	70200000	71150000	0.882842712474619	4.058208246103555	chr12	70200000	71100000	1.0	4.199574198978244
chr12	72300000	74300000	0.838191365141902	0.053111336459562536	chr12	72800000	74300000	0.8413706387587709	0.0
chr12	77450000	78400000	0.8047378541243649	1.4948422539141026	chr12	77450000	78450000	0.9511844635310913	2.3190398155625362
chr12	80650000	82850000	0.8392640282281919	2.0112272554232544	chr12	80700000	82750000	0.7846480784638693	0.20580953714084374
chr12	85300000	86350000	0.8373467368390075	0.7824085649273734	chr12	85000000	86450000	0.82106674238245	0.09198185838575622
chr12	104650000	105750000	1.0	2.9612760396094266	chr12	104650000	105700000	0.6944895939818647	4.94081276402681
chr12	108050000	108950000	0.7071067811865475	4.019479533703628	chr12	108050000	108950000	0.7071067811865475	4.355321728287917
chr12	120650000	121800000	0.8535533905932737	5.959726692905108	chr12	120650000	121700000	0.7907905579903911	5.825968087167019
chr12	131250000	132550000	0.8894427190999916	7.689404003749549	chr12	131250000	132550000	0.8894427190999916	7.87005641847295
chr13	30700000	31600000	0.8333333333333334	5.470618205551031	chr13	30700000	31700000	0.7316171919370917	6.362805917369572
chr13	36450000	37650000	1.0	4.153056985561233	chr13	36400000	37650000	0.9707106781186547	4.093846169827837
chr13	38200000	39450000	0.9414213562373095	3.8121559083214254	chr13	38250000	39550000	0.8090850477426444	4.786857696017215
chr13	40300000	41350000	1.0	3.1377767355755575	chr13	40300000	41400000	0.8535533905932737	3.8001233528265286
chr13	46100000	47000000	1.0	4.496380170490739	chr13	46050000	46950000	1.0	7.4688043867066956
chr13	47400000	48500000	0.8077600538123579	0.0	chr13	47400000	48500000	0.8077600538123579	0.0
chr13	50500000	51750000	0.95	3.9422016920160527	chr13	50500000	51750000	0.95	4.109221242611993
chr13	58100000	59850000	0.8973139127471975	0.0	chr13	58100000	59850000	0.8973139127471975	0.5310694927259542
chr13	61050000	62650000	0.9383382697234837	0.0	chr13	61100000	62500000	0.8153009687409353	0.021479727410451396
chr13	73250000	74350000	0.9023689270621825	3.820485342986379	chr13	73250000	74250000	0.9511844635310913	4.400264666008542
chr13	85400000	86550000	0.86982523608291	0.0	chr13	85400000	86550000	0.86982523608291	0.007195501404203767
chr13	91650000	92550000	0.8017766952966369	0.04264433740849372	chr13	91650000	92800000	0.9163162231961566	0.3045110418099528
chr13	100200000	101250000	0.9414213562373095	1.7748397598273262	chr13	100250000	101250000	1.0	2.269332429734163
chr13	107750000	108800000	1.0	0.6915341649192002	chr13	107800000	108800000	1.0	0.0
chr14	23950000	24950000	1.0	3.8676802905784418	chr14	23950000	24950000	1.0	4.73312268629946
chr14	30750000	31900000	0.8157378651666527	5.372305405987426	chr14	30950000	31950000	0.7316171919370917	4.765269520690589
chr14	33000000	34200000	0.8169417382415922	0.021479727410451396	chr14	33050000	34200000	0.8326324463923128	1.6461626571578936
chr14	38350000	39450000	0.8169417382415921	0.0	chr14	38350000	39400000	0.8535533905932736	0.017921907997262315
chr14	39950000	42150000	0.8108991897449611	0.09761079662642234	chr14	40000000	42250000	0.797223630887761	0.8757800630684881
chr14	45800000	46900000	0.8169417382415921	0.0	chr14	45850000	46900000	0.9511844635310913	0.0
chr14	51450000	52400000	0.8242640687119284	2.4512770620982036	chr14	51400000	52500000	1.0	5.290687033326084
chr14	53800000	54800000	0.9023689270621824	0.0	chr14	53850000	54850000	0.8867295401695068	0.0
chr14	56950000	57850000	0.7071067811865475	3.3004898443631085	chr14	56950000	57850000	0.7071067811865475	4.147713722352154
chr14	62400000	63750000	0.7929723656440777	0.2285621885766544	chr14	62700000	63750000	1.0	0.025028794491522448
chr14	66600000	67700000	0.5365506212675669	2.0916998341368105	chr14	66800000	67750000	0.8535533905932737	4.035037329100202
chr14	68300000	69350000	0.532460081867731	2.493134922305505	chr14	68250000	69400000	0.806831709611622	4.695158678475356
chr14	70050000	71500000	0.7219550900307686	4.209933184388137	chr14	70200000	71550000	0.9999999999999999	4.069139700233461
chr14	97650000	99250000	0.9396785312429496	0.0	chr14	97550000	99800000	0.8641380110480232	0.3490821463910891
chr14	99800000	100750000	0.9023689270621824	3.328246068799014	chr14	99800000	100800000	0.8077600538123578	4.768473075536624
chr15	22600000	23700000	0.7630915409285535	3.93451650158608	chr15	22600000	23650000	1.0	4.31650781910311
chr15	27100000	28350000	0.8080988451387283	1.249445341085839	chr15	27100000	28350000	0.8080988451387283	0.42760617278189966
chr15	30800000	31850000	0.7583772504818588	3.0151203102504387	chr15	30600000	31850000	0.9201200312326947	3.638653116466112
chr15	31850000	32750000	0.9023689270621825	0.03562390973072122	chr15	31850000	32750000	0.9023689270621825	0.07176266930009127
chr15	39050000	40050000	0.808925565098879	0.20163386116965043	chr15	39050000	40050000	0.808925565098879	0.04614178164472064
chr15	40700000	41650000	0.7112944921610614	4.471010054401368	chr15	40700000	41700000	0.6328515852760932	4.399911623934262
chr15	46000000	47450000	0.8863737822087165	0.09085343045111348	chr15	46000000	47450000	0.8863737822087165	0.0
chr15	53100000	54150000	0.9581581115980783	0.0	chr15	53100000	54150000	0.9581581115980783	0.0
chr15	54150000	55450000	0.8558375965793723	0.0	chr15	54150000	55500000	0.8408977288307016	6.771192316351786
chr15	69800000	70950000	1.0	3.1481206311239642	chr15	69750000	71000000	0.869866721732691	2.5909612413425993
chr15	91600000	92600000	0.7722854315746106	0.02856915219677092	chr15	91600000	92650000	0.85	1.3575520046180838
chr16	2000000	3100000	0.7525381361380528	6.4820047325093	chr16	1950000	3050000	0.9581581115980783	5.7843076667283855
chr16	5750000	6750000	0.7071067811865475	0.0	chr16	5750000	6750000	0.7071067811865475	0.41683974191282924
chr16	13050000	13950000	0.8535533905932737	0.0	chr16	13050000	13950000	0.8535533905932737	0.0
chr16	13950000	14850000	0.882842712474619	3.5403993056306238	chr16	13950000	14850000	0.882842712474619	3.5205793962898917
chr16	15400000	16400000	0.6944895939818646	3.963474123974886	chr16	15450000	16450000	0.9511844635310913	4.233300107583318
chr16	21450000	22550000	0.9581581115980782	5.5976375825735785	chr16	21500000	22550000	0.7324045318333193	6.055090508415296
chr16	50000000	50950000	0.7535533905932736	3.9206638259889868	chr16	50000000	50950000	0.7535533905932736	4.778792639820861
chr16	50950000	52050000	0.9581581115980783	0.0	chr16	50950000	52050000	0.9581581115980783	0.04264433740849372
chr16	52050000	53000000	1.0	0.0	chr16	52050000	52950000	1.0	0.0
chr16	58850000	62200000	0.6448239513547429	0.10433665981473553	chr16	58850000	62200000	0.6448239513547429	0.10433665981473553
chr16	62200000	63350000	0.8901650429449554	0.0	chr16	62200000	63350000	0.8901650429449554	0.0
chr16	63350000	65200000	0.6991043077242381	0.0	chr16	63350000	65200000	0.6991043077242381	2.7409275603186285
chr16	65200000	66350000	0.8169417382415921	0.0	chr16	65200000	66350000	0.8169417382415921	0.0
chr16	67500000	68400000	0.5	4.289420917371901	chr16	67500000	68400000	0.5	3.7590105302189074
chr16	68400000	69300000	0.75	4.501343599277127	chr16	68400000	69300000	0.75	4.095122700032981
chr16	74350000	75250000	0.875	4.237501143442218	chr16	74300000	75200000	0.8666666666666666	4.413058584848509
chr16	75800000	77200000	0.9549395047979304	0.0	chr16	75800000	77200000	0.9549395047979304	0.30158764660318677
chr16	78200000	79600000	0.8120929232252022	0.0	chr16	78200000	79650000	0.8190042403120211	0.014355292977070055
chr16	80950000	81900000	0.882842712474619	5.290525775287478	chr16	81050000	82000000	0.6788854381999831	5.774918806557193
chr16	82350000	83850000	0.8966259227717227	5.7451700908610235	chr16	82000000	83800000	0.9363275611275104	1.8369340113210917
chr17	5350000	6400000	0.8894427190999916	5.338535839595811	chr17	5450000	6400000	0.9023689270621824	2.12391445900198
chr17	10650000	12000000	0.9201200312326949	1.9568001180515768	chr17	10750000	11900000	0.7036492638549277	1.9554368049094677
chr17	12000000	13050000	0.7912578159510714	4.040161841153955	chr17	11900000	13000000	0.7669223286977438	4.11153216121894
chr17	44100000	45050000	0.8242640687119285	4.431088033848473	chr17	44050000	45100000	0.9166666666666666	3.7612409420806876
chr17	49350000	50350000	0.9163162231961564	0.0	chr17	49350000	50350000	0.9163162231961564	0.014355292977070055
chr17	54000000	55800000	0.9272792206135786	3.7325707094695035	chr17	53900000	55850000	0.766010872448923	4.474436043252266
chr17	60500000	61900000	0.9076504843704676	4.571426977196821	chr17	60350000	61800000	0.9395943126204648	3.6479284549964306
chr17	63200000	64150000	0.782842712474619	0.3923174227787603	chr17	63200000	64150000	0.782842712474619	1.1473066987802936
chr17	72850000	73800000	0.5511708697745937	5.637171353245209	chr17	72900000	73800000	1.0	5.721825481441926
chr18	4000000	5050000	0.6402734644166456	0.14404636961670686	chr18	4000000	5100000	0.7536629600351641	4.568640195419223
chr18	12200000	13100000	0.9023689270621825	5.317346829647083	chr18	12200000	13150000	0.6744448490677951	4.995278933548924
chr18	33500000	34400000	0.7203067944372926	5.636213744357577	chr18	33550000	34450000	1.0	5.646486708605354
chr18	39550000	41150000	0.9075074045852255	0.0	chr18	39550000	41100000	0.9023689270621824	0.0
chr18	42100000	43050000	0.8157378651666526	0.04264433740849372	chr18	42100000	43050000	0.8157378651666526	2.6530600171045644
chr18	54300000	55200000	0.7071067811865475	3.407624675566609	chr18	54300000	55200000	0.7071067811865475	4.223422549934937
chr18	61700000	64150000	0.8199417298436273	0.0	chr18	62250000	64250000	0.6940749348953279	0.021479727410451396
chr18	64850000	66400000	0.8827270720292228	3.2672860888442448	chr18	64750000	66450000	0.9201200312326948	4.794589152644337
chr18	68200000	70350000	0.8484909417526749	0.009586048829197932	chr18	68250000	70300000	0.8219697879992816	0.02856915219677092
chr18	75450000	76700000	0.8964933779884593	0.0	chr18	75500000	76800000	0.9023689270621825	0.0
chr19	4650000	5650000	0.7702200572599404	4.119620272158975	chr19	4650000	5750000	0.7601100286299701	5.669434308987067
chr19	11650000	12900000	0.8535533905932736	3.669983424625032	chr19	11700000	12850000	0.6353162279285653	3.7595770188470996
chr19	12900000	13900000	0.8860379610028064	5.59411785402711	chr19	12850000	13850000	0.5527455120536571	4.738801607356271
chr19	21100000	22100000	0.6775200981598978	3.535883294459006	chr19	20900000	22150000	0.8999999999999999	3.571424002736526
chr19	43050000	43950000	0.8333333333333334	0.009756650738093136	chr19	43050000	43950000	0.8333333333333334	1.044643915054842
chr19	44200000	45100000	1.0	2.1614536306130967	chr19	43950000	45150000	0.8744743347942345	3.250185165742901
chr19	45100000	46250000	1.0	5.271385210539223	chr19	45150000	46300000	0.6580097032947638	4.461286256462511
chr19	50600000	51650000	0.9414213562373095	2.7251825136931425	chr19	50600000	51650000	0.9414213562373095	2.3277574574611766
chr2	2650000	3850000	0.8956289079755357	7.6720048875467155	chr2	2600000	3850000	0.8274121792896785	7.5773029329232395
chr2	3850000	4850000	0.7071067811865475	0.0	chr2	3850000	4850000	0.7071067811865475	0.0
chr2	10850000	11850000	0.8571428571428571	4.561784353081841	chr2	10850000	11850000	0.8571428571428571	4.361534440482137
chr2	21600000	22500000	1.0	0.0	chr2	21650000	22550000	0.9414213562373096	0.0
chr2	30950000	31950000	0.8414213562373096	0.014355292977070055	chr2	30950000	31900000	1.0	2.1417597473138996
chr2	32750000	33800000	0.9023689270621824	4.2731428593080825	chr2	32850000	33900000	1.0	4.918088027570219
chr2	33800000	35700000	0.8743813787781216	6.200849574637213	chr2	33900000	35750000	0.8502752846533829	0.0
chr2	48800000	49850000	1.0	0.007195501404203767	chr2	48800000	49800000	0.9285714285714286	0.01910882294770474
chr2	49850000	50750000	0.7071067811865475	0.0	chr2	49800000	50750000	0.8535533905932736	0.0
chr2	54050000	55000000	1.0	3.4891432734009156	chr2	54050000	54950000	0.9267766952966369	3.642509045638126
chr2	68200000	69200000	0.7316171919370917	2.757734459260778	chr2	68200000	69250000	0.7612038749637413	5.733509294165438
chr2	74850000	75900000	0.7706324558571308	4.026800059343715	chr2	74800000	75900000	0.7368033988749895	4.833070791690307
chr2	98950000	100150000	0.8734919064303391	4.1435902953102275	chr2	99050000	100150000	1.0	4.482654706346898
chr2	101050000	101950000	1.0	8.353181490100082	chr2	100950000	101900000	0.8414213562373096	8.025873184138733
chr2	102550000	103500000	1.0	1.3479490656017323	chr2	102500000	103450000	1.0	2.320747224886642
chr2	103500000	104450000	0.7071067811865475	0.0	chr2	103450000	104500000	0.6565991539589369	0.0
chr2	109450000	110450000	0.9023689270621825	0.0	chr2	109500000	110500000	1.0	2.4459252985792728
chr2	111400000	112500000	0.8496019422142796	5.796839982447619	chr2	111350000	112550000	0.7957511620088359	5.031512828061722
chr2	114800000	118700000	0.6207319580663674	5.71699089440494	chr2	114850000	118050000	0.7043058359503879	0.0
chr2	123150000	124750000	0.8047378541243649	0.0	chr2	122600000	124750000	0.8037392439912204	0.0
chr2	126850000	127800000	0.9414213562373096	6.549014511762007	chr2	126650000	127800000	0.8901650429449552	5.372778017062039
chr2	138600000	139600000	0.8678511301977578	2.0367963559885767	chr2	138600000	139600000	0.8678511301977578	3.1396877710118107
chr2	143850000	145200000	0.807487856884937	3.0669502439246266	chr2	144250000	145400000	1.0	3.3930042568983216
chr2	159650000	160800000	0.934912618041455	3.2560671252413336	chr2	159650000	160900000	0.9012921420339177	4.377991326905882
chr2	160800000	161950000	0.934912618041455	0.07267750448666825	chr2	160900000	161950000	0.875	0.09536185612286018
chr2	164000000	165600000	0.9400751135722658	0.0	chr2	164000000	165450000	0.9609475708248729	0.0
chr2	174300000	175400000	1.0	5.466324138116985	chr2	174300000	175400000	1.0	5.071002588279331
chr2	180900000	181950000	0.9023689270621826	6.4198759304221955	chr2	180850000	181850000	0.8744743347942348	4.428443926153614
chr2	193750000	196150000	0.8776294070345734	0.0	chr2	193150000	195650000	0.7281596558902346	0.0
chr2	203200000	204300000	0.9	4.731590571594451	chr2	203200000	204300000	0.9	4.636878338566241
chr2	205650000	206700000	1.0	0.0	chr2	205700000	206850000	0.9633883476483185	0.24488705912353448
chr2	209150000	210100000	0.9023689270621824	2.161887682376894	chr2	209150000	210150000	0.9163162231961564	0.021479727410451396
chr2	220600000	222800000	0.765902961576685	0.03562390973072122	chr2	220550000	222550000	0.6318992028863522	0.9597701552114672
chr2	230550000	231750000	0.8378266793910978	4.296016822533223	chr2	230550000	231700000	0.8053311757325766	6.106792648351174
chr20	10700000	11600000	0.48688672392660703	0.0	chr20	10450000	11600000	0.9163162231961564	1.297191416565856
chr20	11600000	13150000	0.8256196415254552	1.7059779016825223	chr20	11600000	12850000	0.8080988451387283	3.399854673572431
chr20	17400000	18300000	0.5669417382415922	4.291677223176022	chr20	17400000	18300000	0.5669417382415922	5.211576852896398
chr20	19700000	20750000	1.0	3.4683971267709253	chr20	19700000	20750000	1.0	3.997679517796934
chr20	20750000	21650000	0.8618033988749895	3.9745293124838823	chr20	20750000	21650000	0.8618033988749895	4.706438458762535
chr20	36150000	37050000	0.9023689270621825	3.8648299507007526	chr20	36200000	37100000	0.8	3.351115917433077
chr21	20350000	22350000	0.779654599899525	0.0	chr21	19500000	22350000	0.7424791127074138	0.10433665981473553
chr21	31350000	32450000	0.7821248191647022	0.0	chr21	31350000	32400000	0.7071067811865475	0.01738207822823655
chr21	34950000	36100000	0.9047619047619048	6.118837277979703	chr21	35050000	36100000	0.867851130197758	5.397896284812717
chr21	37450000	38400000	0.9023689270621824	3.1098619884914385	chr21	37400000	38400000	1.0	2.852914384808086
chr21	39800000	40900000	0.8867295401695069	6.207002114584101	chr21	39900000	40850000	0.9078689325833262	5.933705406359853
chr21	40900000	42500000	0.7655758708430733	0.0	chr21	40850000	42500000	0.7809913034122024	0.004321605950093468
chr22	29700000	30600000	1.0	4.5346308251710115	chr22	29700000	30650000	1.0	4.287643128525449
chr22	35600000	36850000	0.664902910955215	3.5609594583375994	chr22	35650000	36600000	0.8047378541243649	4.343437433961095
chr22	36850000	37950000	0.7583772504818587	4.759028982278539	chr22	36900000	38000000	0.8901650429449552	5.0878581780995455
chr3	3250000	4300000	0.8707106781186548	0.0	chr3	3250000	4250000	1.0	0.0
chr3	6900000	8550000	0.9273749397215674	0.0	chr3	6950000	8350000	0.8934195548056985	0.0
chr3	25950000	27200000	0.7758608334925218	0.16349873228287956	chr3	26100000	27200000	0.7955048484370857	0.0
chr3	28500000	30050000	0.9186733684195038	0.0	chr3	28500000	30050000	0.9186733684195038	1.9653225483672547
chr3	50300000	51450000	0.7506504832081076	4.053958453770161	chr3	50350000	51400000	0.882842712474619	3.603266023597218
chr3	66950000	67850000	0.8333333333333334	3.760487101811031	chr3	66950000	67950000	0.8420610272857022	5.048759311919855
chr3	67850000	69000000	0.7071067811865475	0.0	chr3	67950000	69000000	0.6481812160876685	0.021479727410451396
chr3	73650000	75200000	0.8813380883195704	0.0	chr3	73750000	75150000	0.8222964832784034	0.12432813500220179
chr3	75750000	76950000	0.8767766952966368	3.4498914730109442	chr3	75750000	76800000	0.7591166993708715	3.5924570372680806
chr3	79550000	80500000	0.9414213562373096	0.2750070474998698	chr3	79500000	80700000	0.86982523608291	5.281512801799726
chr3	85750000	86700000	0.7071067811865475	0.0	chr3	85750000	86700000	0.7071067811865475	0.0
chr3	87300000	88250000	0.804737854124365	3.249066033855867	chr3	87300000	88250000	0.804737854124365	4.274385919044549
chr3	88250000	89150000	0.9267766952966369	0.0	chr3	88250000	89250000	0.8535533905932737	5.010556078374215
chr3	105250000	106200000	1.0	2.7676547982373467	chr3	105250000	106400000	0.8618033988749895	6.290479698251308
chr3	108850000	110000000	0.7071067811865475	0.0	chr3	108850000	110050000	0.7949747468305831	0.32768736417604716
chr3	116500000	118550000	0.7852946248685269	0.0	chr3	116400000	118600000	0.7872610009193286	1.3248106034204838
chr3	125400000	126300000	0.882842712474619	1.7394160934010288	chr3	125350000	126300000	1.0	2.1563966165976653
chr3	133200000	134350000	0.9163162231961566	4.533303772647341	chr3	133450000	134350000	1.0	4.09550251765867
chr3	135700000	136800000	0.9023689270621824	4.805550425210856	chr3	135700000	136800000	0.9023689270621824	4.905206468795706
chr3	136800000	137700000	0.8242640687119285	0.0	chr3	136800000	137800000	0.9078689325833262	0.10097764772482092
chr3	143500000	145800000	0.7929422243894284	1.1688559424523866	chr3	143550000	145350000	0.8445487479329892	2.607034345948616
chr3	147000000	148600000	0.9349126180414549	0.08133962745193878	chr3	146950000	148550000	0.9274379128189285	0.0
chr3	160300000	161200000	0.5771601883432527	4.199986366721674	chr3	160250000	161200000	0.7071067811865475	4.020961424893331
chr3	179450000	180350000	1.0	4.441616269406558	chr3	179400000	180400000	0.6380711874576983	5.436211820954217
chr3	185300000	186400000	0.7676819211218877	4.663368341465201	chr3	185500000	186450000	1.0	5.0277853900624665
chr3	189600000	190900000	0.8062606581150973	0.21826453571377138	chr3	189650000	191250000	0.8966259227717226	4.199397519606294
chr3	192200000	193350000	0.9581581115980782	3.264536430999026	chr3	192200000	193300000	0.786839109611397	1.5885647374013516
chr4	12700000	13650000	0.8242640687119285	3.7662417765368383	chr4	12700000	13650000	0.8242640687119285	4.1039172107520665
chr4	13650000	14750000	0.8867295401695069	0.0	chr4	13650000	15200000	0.9674563090207274	3.0435194936627425
chr4	16400000	17450000	0.9163162231961565	0.02856915219677092	chr4	16400000	17500000	0.8901650429449554	0.0
chr4	17450000	18650000	0.8238015069303439	5.056502244429887	chr4	17500000	18650000	1.0	5.317570894506464
chr4	20800000	21750000	0.6637912502387825	0.0	chr4	20800000	21750000	0.6637912502387825	0.0
chr4	22850000	23800000	1.0	0.0	chr4	22900000	23800000	0.9414213562373096	0.0
chr4	24400000	25400000	0.882842712474619	5.061236165747747	chr4	24400000	25400000	0.882842712474619	5.286003216596784
chr4	43050000	44700000	0.7651650429449554	2.720278465233327	chr4	42950000	44700000	0.7856986005158901	2.937030455680516
chr4	65500000	68250000	0.7001848328825352	0.021479727410451396	chr4	65550000	68250000	0.7227246995579591	0.0
chr4	68250000	69250000	0.7357022603955158	4.066605884204436	chr4	68250000	69150000	1.0	3.456733151277622
chr4	73950000	75050000	0.9008883476483185	2.8453645937469494	chr4	74000000	75050000	0.7071067811865475	1.9366379390025705
chr4	81300000	82250000	1.0	0.15704371014558005	chr4	81200000	82150000	0.8535533905932737	0.3334237337251918
chr4	82250000	83200000	0.8707106781186549	0.5704629310260411	chr4	82150000	83200000	0.882842712474619	0.09085343045111348
chr4	86000000	87800000	0.9273229184672257	1.2615308152434062	chr4	85950000	88250000	0.7580402802314781	3.0262467726481943
chr4	88500000	89500000	0.6944895939818647	3.439878821215897	chr4	88250000	89550000	0.9201200312326949	4.300123724569014
chr4	90100000	91200000	0.7071067811865475	1.2039841658559884	chr4	90150000	91300000	0.9349126180414551	1.1626934322112366
chr4	99000000	100000000	0.8571428571428572	5.234961094839504	chr4	98950000	99900000	0.7071067811865475	5.110926946993474
chr4	103200000	104100000	0.9267766952966369	5.50672411217618	chr4	103200000	104100000	0.9267766952966369	6.26240026964288
chr4	104900000	105850000	1.0	0.007195501404203767	chr4	104850000	105850000	0.9285714285714286	2.970853654340483
chr4	107250000	108400000	0.804737854124365	0.0	chr4	107250000	108850000	0.845845674308709	4.340680945869395
chr4	112950000	114200000	0.8934933749769263	3.0920171075407694	chr4	112950000	114200000	0.8934933749769263	5.140548615912917
chr4	125250000	126200000	0.8242640687119284	2.4828482830684653	chr4	125250000	126200000	0.8242640687119284	0.021479727410451396
chr4	126200000	127400000	0.8169417382415922	0.0	chr4	126200000	127450000	0.7949747468305832	0.0
chr4	129100000	130250000	0.9267766952966369	4.2393598502774665	chr4	129050000	130150000	0.9267766952966369	4.273982042099106
chr4	134000000	135500000	0.8722604191027171	0.4436066514756146	chr4	133950000	135900000	0.8661902207134486	0.12432813500220179
chr4	135500000	137850000	0.7430227424584289	0.0	chr4	135900000	137950000	0.773330331618904	0.0
chr4	141800000	143100000	0.9467466874884634	4.5009082546134564	chr4	142050000	143000000	0.9414213562373095	4.3251705123760456
chr4	145100000	146000000	0.875	0.0	chr4	145050000	146000000	0.9166666666666667	0.15919859484925394
chr4	148850000	150200000	0.8535533905932737	0.20789285164133287	chr4	148950000	150200000	0.7869867499538525	0.08406426478847455
chr4	151050000	152000000	1.0	3.9606970393043124	chr4	150850000	152000000	1.0	4.216842842837263
chr4	154650000	155600000	0.6747912612810701	3.9331595037990703	chr4	154700000	155600000	0.5511708697745937	3.7951583753942306
chr4	156850000	158050000	0.8383883476483185	0.0036022366801955253	chr4	156850000	158100000	0.8956289079755356	1.5643781685650635
chr4	160400000	162100000	0.9068067031048105	0.0	chr4	160400000	162050000	0.8744743347942345	0.0
chr4	162100000	163550000	0.8459708691207961	1.160274831408593	chr4	162050000	163300000	0.8934933749769263	1.5704629310260412
chr4	164450000	165750000	0.7599056032721726	0.014355292977070055	chr4	164400000	165600000	0.7283080801639166	4.137503523749936
chr4	167900000	169050000	0.9023689270621824	0.0	chr4	168050000	169050000	0.8326324463923127	0.160274831408593
chr4	181600000	182550000	0.782842712474619	0.0	chr4	181650000	182550000	1.0	0.0
chr5	6800000	7850000	1.0	0.021479727410451396	chr5	6850000	7850000	1.0	0.056583528366367514
chr5	15100000	16250000	0.8901650429449552	0.0	chr5	15150000	16600000	0.921895141649746	2.6985889224531507
chr5	19650000	21750000	0.7827258400274292	0.6415460290875238	chr5	19100000	21700000	0.7016285848214247	0.35614381022527536
chr5	24600000	27650000	0.654267774292534	0.007195501404203767	chr5	24550000	28900000	0.573194481353531	0.03562390973072122
chr5	29300000	31300000	0.7728635164236227	0.0	chr5	28900000	31350000	0.8271047211448379	0.0
chr5	35050000	35950000	0.9267766952966369	0.05380644369579382	chr5	35000000	36050000	0.9023689270621826	2.2298076280697736
chr5	66600000	67500000	1.0	0.0	chr5	66450000	67550000	0.7071067811865475	2.298658315564515
chr5	68950000	70000000	1.0	5.233427943748471	chr5	69000000	70150000	0.4472135954999579	5.546431488805665
chr5	73150000	74050000	1.0	5.137401055974695	chr5	73150000	74050000	1.0	5.702519029153285
chr5	79300000	80650000	1.0	3.856578321421207	chr5	79250000	80600000	0.9005466754758884	3.4922969342168515
chr5	80650000	81600000	0.8894427190999916	9.442217820176026	chr5	80600000	81600000	0.8333333333333333	9.203296608347863
chr5	94750000	95950000	0.8771585767777684	5.006502045090715	chr5	94850000	96000000	0.9210305136428512	5.047649424483401
chr5	96600000	98400000	0.9866866718721159	4.433460256106303	chr5	96550000	98450000	0.8771645017043849	4.504620392403553
chr5	98400000	99700000	0.8024328425699517	0.0	chr5	98450000	99700000	0.7629194110839421	0.0
chr5	101800000	102900000	0.7665569415042095	4.26033936033567	chr5	101850000	102950000	0.9309016994374948	5.049630767724601
chr5	104100000	105550000	0.8535533905932737	0.0	chr5	104250000	105350000	0.7071067811865475	0.0
chr5	107750000	109300000	0.873159258918959	4.387758869061035	chr5	107700000	108850000	0.9163162231961564	5.032615159858383
chr5	116250000	118200000	0.767872386984206	0.0	chr5	116750000	118200000	0.8027609162066094	0.0
chr5	118900000	120050000	0.8901650429449552	0.19219416528334513	chr5	118900000	120000000	0.7821248191647024	0.0036022366801955253
chr5	120050000	121400000	0.8057595180117629	2.1101961777541995	chr5	120000000	121400000	0.8492205211804293	2.3504972470841334
chr5	121400000	123000000	0.911900753465172	3.2581838817369926	chr5	121800000	123000000	0.7853926598955111	3.84749588378871
chr5	125650000	126850000	0.7632074710295633	4.279285560846542	chr5	125600000	126850000	0.7343304503977202	4.534069386277888
chr5	132400000	133400000	0.8571428571428572	5.729598086209189	chr5	132350000	133350000	0.6328515852760932	6.031152550421214
chr5	143550000	145900000	0.8832216630926708	4.695892610413293	chr5	143600000	145400000	0.8754336516702357	0.13531596451217093
chr5	148650000	149800000	0.8238015069303438	3.6697130882060724	chr5	148650000	149750000	0.9285714285714286	3.5130695822393707
chr5	159900000	160950000	0.9414213562373096	0.0	chr5	159900000	161100000	0.846813371506627	0.04264433740849372
chr5	160950000	162950000	0.7685767854787137	5.227000818580961	chr5	161100000	162900000	0.9617965366765062	5.630157894768849
chr5	164000000	165000000	0.8326324463923127	0.0	chr5	164000000	164900000	0.9267766952966369	0.0
chr5	171900000	172950000	0.8744743347942345	4.784556329405176	chr5	171850000	172900000	1.0	5.586682872059209
chr5	179100000	180100000	1.0	5.8282713833639095	chr5	179000000	180050000	0.9511844635310911	6.077824536997546
chr6	1500000	2700000	0.827468177277773	1.8855743643714264	chr6	1500000	2700000	0.827468177277773	3.392088405389457
chr6	3200000	4150000	0.7412022659166596	4.496142737927866	chr6	3150000	4200000	0.7955048484370857	3.9163463530300495
chr6	7300000	8200000	0.6421334847649001	5.629833465247028	chr6	7300000	8250000	0.9414213562373096	4.890711983380501
chr6	8950000	10000000	0.804737854124365	0.0	chr6	9000000	10000000	0.790790557990391	0.0
chr6	18400000	20050000	0.8458456743087092	0.0	chr6	18600000	20050000	0.8633164978870556	0.0
chr6	25100000	26050000	1.0	3.579151746102543	chr6	25100000	26050000	1.0	3.7086092237956927
chr6	45850000	46900000	0.9023689270621824	0.01578299724092746	chr6	45950000	46850000	0.9023689270621825	0.8867452247421088
chr6	47750000	49400000	0.7964067359813313	0.0036022366801955253	chr6	47800000	49350000	0.7688863418744396	0.1309308698264487
chr6	55150000	56150000	0.9285714285714286	0.0	chr6	55100000	56150000	0.8590533961144177	0.0
chr6	72950000	73950000	0.6479334151332481	1.20006486151431	chr6	73100000	74000000	1.0	2.3766608275657886
chr6	76550000	78300000	0.8954866990309807	0.0	chr6	76550000	78150000	0.8339115355603142	0.0
chr6	78300000	79550000	0.9707106781186547	0.0	chr6	78150000	79500000	0.9549395047979305	0.3812833725037835
chr6	79550000	80600000	1.0	3.012211083950875	chr6	79500000	80600000	0.9163162231961564	5.792933418163806
chr6	80600000	82400000	0.9297056274847715	3.6866405878639643	chr6	80600000	82850000	0.8076884907981696	3.994308175127976
chr6	82900000	83800000	1.0	2.666302128173095	chr6	82850000	83750000	0.882842712474619	3.7438919109365685
chr6	85050000	86050000	0.9163162231961565	4.88728155166999	chr6	85050000	86050000	0.9163162231961565	2.4168397419128294
chr6	89600000	90500000	1.0	2.8944209400488283	chr6	89650000	90550000	0.8535533905932737	4.214642921731514
chr6	105900000	106800000	1.0	4.1170716238451215	chr6	105800000	106800000	0.4949747468305832	3.8376069101396757
chr6	109850000	110800000	0.9511844635310911	2.2731428593080825	chr6	109850000	110800000	0.9511844635310911	3.0727489515606408
chr6	126200000	127500000	0.9497466904999963	4.789468436941201	chr6	126200000	127500000	0.9497466904999963	4.661991814540156
chr6	127900000	129750000	0.8404254920497679	0.08179409116364734	chr6	128000000	129700000	0.9543066721199943	1.0612001564367375
chr6	146050000	147050000	1.0	2.988533214774453	chr6	146200000	147100000	0.882842712474619	2.0660891904577725
chr6	157600000	158550000	0.8047378541243649	4.457462964648552	chr6	157550000	158500000	0.8157378651666526	2.6319773202387453
chr7	9150000	10400000	0.6863961030678928	0.0	chr7	9000000	10450000	0.6949747468305832	0.0
chr7	13350000	14700000	0.8422882667927564	3.683696454306516	chr7	13350000	14600000	0.8535533905932737	2.658782734012828
chr7	19750000	20650000	0.7722854315746106	1.67053823242723	chr7	19700000	20650000	0.8242640687119285	4.8060017610634
chr7	27250000	28150000	0.7071067811865475	5.498091268540895	chr7	27250000	28150000	0.7071067811865475	5.226315849335487
chr7	38500000	39550000	0.9166666666666666	2.8497491172823954	chr7	38450000	39550000	1.0	3.6674664049573704
chr7	40950000	41900000	0.9511844635310911	0.007195501404203767	chr7	40850000	41950000	0.9375	0.056583528366367514
chr7	41900000	42850000	0.9511844635310913	0.04963076772460043	chr7	41950000	42850000	0.6363961030678926	0.0
chr7	51500000	54100000	0.7232679373729989	0.0	chr7	51450000	54700000	0.7066723482959667	0.056583528366367514
chr7	63050000	64100000	0.790790557990391	2.4392906810420176	chr7	63000000	64400000	0.9051189298227544	3.277666001846271
chr7	70250000	71200000	0.9414213562373095	0.0	chr7	70300000	71250000	0.7414213562373095	0.09085343045111348
chr7	71200000	72350000	0.86982523608291	2.588564737401352	chr7	71250000	72300000	0.8744743347942345	3.5807484917637744
chr7	75000000	76100000	1.0	4.77605462494397	chr7	75000000	76050000	0.8535533905932736	3.8614591663615125
chr7	76100000	77000000	0.5771601883432527	1.016139702655253	chr7	76050000	76950000	1.0	1.6667565918848035
chr7	77750000	78900000	0.8901650429449552	0.0	chr7	77700000	78900000	0.934912618041455	0.0
chr7	97550000	98500000	0.9	2.380821783940931	chr7	97600000	98500000	0.9267766952966369	2.7650632003411655
chr7	108250000	110600000	0.7678440859015901	0.0	chr7	108250000	110600000	0.7678440859015901	0.0
chr7	123600000	124500000	1.0	0.0036022366801955253	chr7	123650000	124600000	0.782842712474619	4.7755773609306535
chr7	133100000	134150000	0.9581581115980782	3.368535562475729	chr7	133050000	134100000	0.6683281572999747	3.0942360698457656
chr7	135850000	137300000	0.8718592167691146	0.0036022366801955253	chr7	135900000	137200000	0.8402400624653894	0.5459683691052926
chr7	142050000	143000000	1.0	4.259060587413906	chr7	142000000	143100000	1.0	2.491313039221356
chr7	145900000	147950000	0.7305610534597811	0.0	chr7	145900000	147900000	0.7516214501636556	0.0
chr7	152550000	153750000	0.8169417382415922	0.0	chr7	152600000	153700000	0.8169417382415922	0.014355292977070055
chr7	154600000	155600000	0.9285714285714286	5.588364848929832	chr7	154550000	155600000	0.819035593728849	3.9982707356013636
chr7	155600000	156600000	0.9023689270621824	2.1342209397606338	chr7	155600000	156600000	0.9023689270621824	1.33771109212829
chr7	157200000	158300000	1.0	0.007195501404203767	chr7	157250000	158350000	0.9581581115980783	0.0
chr8	950000	2150000	0.9414213562373095	2.366252263699564	chr8	900000	2150000	0.8668667187211578	1.3684890006451036
chr8	6800000	8050000	0.7512144564308695	0.0	chr8	6800000	8000000	0.9385792883888842	0.0013109451523470883
chr8	12450000	13550000	0.8102378596455089	1.9574503363471163	chr8	12500000	13600000	0.7153567894682632	2.820689560559215
chr8	21800000	22900000	0.7627946161743178	3.7246502717329673	chr8	21750000	22950000	0.644542187685626	4.0700519235281725
chr8	31100000	33500000	0.8176006698022972	3.0713908517364708	chr8	31150000	33550000	0.8525523001932533	3.1370936089749404
chr8	33500000	34850000	0.7972277715906868	0.0	chr8	33550000	34950000	0.7907905579903911	0.0
chr8	36700000	37600000	0.9	3.6812618414704734	chr8	36600000	37600000	0.6479334151332481	2.47864829453918
chr8	38700000	39750000	0.6380711874576983	3.103977139513613	chr8	38750000	39750000	0.8744743347942348	4.530757457461217
chr8	55500000	56400000	1.0	0.0	chr8	55500000	56550000	1.0	0.025028794491522448
chr8	62550000	64150000	0.9674563090207275	4.360434513151206	chr8	62600000	64100000	0.9633883476483185	4.147550926703044
chr8	64150000	65350000	0.911900753465172	0.0	chr8	64100000	65350000	0.8558375965793723	0.0
chr8	66500000	67400000	1.0	3.20346220671828	chr8	66500000	67400000	1.0	3.6018285528184757
chr8	67400000	68600000	0.8888888888888888	3.837071675251051	chr8	67400000	68600000	0.8888888888888888	3.4594912329031637
chr8	69350000	70550000	0.8535533905932737	0.02856915219677092	chr8	69450000	70450000	0.6699791832313203	0.5993177936982264
chr8	71600000	72700000	0.8901650429449552	0.0874628412503394	chr8	71650000	72650000	0.9414213562373096	0.1984941536390832
chr8	75150000	76300000	0.8400733524199802	0.39835037034596477	chr8	75100000	76200000	0.8535533905932737	1.7840851427347568
chr8	76300000	77250000	0.8047378541243649	0.0	chr8	76200000	77200000	1.0	4.715618859074816
chr8	77250000	78200000	0.867851130197758	3.8557405917150294	chr8	77200000	78400000	0.934912618041455	5.340829278196037
chr8	78200000	79300000	0.7478434376790869	0.0	chr8	78400000	79300000	0.7071067811865475	0.0
chr8	85450000	86400000	0.8242640687119284	4.515384460636948	chr8	85450000	86450000	1.0	4.3548125855700635
chr8	87600000	88600000	0.8535533905932736	0.0	chr8	87600000	88650000	0.7071067811865475	0.08406426478847455
chr8	89350000	90700000	0.8630852169962631	0.0	chr8	89450000	90700000	0.8328427124746189	0.0
chr8	96350000	97300000	0.9414213562373096	6.450159622356272	chr8	96350000	97350000	1.0	6.687428175934548
chr8	97300000	98200000	0.7071067811865475	2.908332569782425	chr8	97350000	98550000	0.7760507643665735	3.644433152406245
chr8	102350000	103250000	1.0	1.2555007331483865	chr8	102350000	103250000	1.0	4.582405463540779
chr8	105900000	106800000	0.565685424949238	3.231893161645331	chr8	105850000	106850000	0.7071067811865475	0.0
chr8	106800000	107950000	0.8888888888888888	3.78135971352466	chr8	106850000	107950000	1.0	2.5643781685650637
chr8	108750000	109800000	0.6242640687119285	7.3594860303113885	chr8	108800000	109800000	0.8333333333333334	7.573902760432765
chr8	126750000	127800000	1.0	0.07724299893246035	chr8	126800000	127750000	0.882842712474619	0.0
chr8	127800000	128700000	0.9267766952966369	0.007195501404203767	chr8	127750000	128800000	0.6194715560037098	4.452035273546196
chr8	130750000	131800000	1.0	5.517013170228076	chr8	130800000	131800000	0.9078689325833263	5.588764598181735
chr8	131800000	132950000	1.0	2.7671250772690716	chr8	131800000	133100000	1.0	3.2090633953492707
chr9	1050000	1950000	1.0	0.0	chr9	1100000	2150000	0.8242640687119285	6.585788808074967
chr9	5650000	6800000	1.0	3.113117036390723	chr9	5750000	6850000	1.0	4.812831906235509
chr9	15700000	17000000	0.8934933749769264	0.007195501404203767	chr9	15750000	16850000	0.6944895939818646	0.04963076772460043
chr9	34700000	35600000	1.0	4.6968840908554546	chr9	34650000	35650000	0.9023689270621825	4.196242204182796
chr9	35950000	36900000	0.5846456278799631	4.285864547031848	chr9	35650000	36800000	0.7834708691207961	3.981670022105132
chr9	70850000	72000000	0.8642766952966369	2.4780010558379297	chr9	70850000	71850000	0.9023689270621825	3.2415351417957177
chr9	76250000	77300000	1.0	0.0	chr9	76300000	77250000	1.0	0.02856915219677092
chr9	79850000	81000000	0.8771585767777684	4.517826836026677	chr9	79850000	81050000	0.912132034355964	4.911451911626604
chr9	82600000	84150000	0.7654541440584458	0.0	chr9	82750000	84100000	0.774697523989652	0.0
chr9	84550000	85750000	0.9414213562373095	0.0036022366801955253	chr9	84100000	85650000	0.8860970815725462	0.34766565630097057
chr9	85750000	87000000	0.7544522970408667	5.816869880803518	chr9	85650000	87050000	0.9395943126204647	5.982697021916593
chr9	87000000	88300000	0.8217855964894211	0.0	chr9	87050000	88300000	0.7977855200223771	2.771885578515366
chr9	103350000	104250000	0.8535533905932737	3.1634987322828794	chr9	103350000	104350000	1.0	3.2456477736367515
chr9	114100000	115150000	0.7811477873211011	4.884375909841959	chr9	114250000	115150000	1.0	4.4050733697280675
chr9	120350000	122150000	0.9008883476483185	0.0	chr9	120300000	122200000	0.810908640936264	0.23878685958711648
chr9	123300000	124250000	0.882842712474619	5.570817084568393	chr9	123250000	124150000	0.882842712474619	4.66666192374993
chr9	130900000	131800000	1.0	5.369798542002655	chr9	130900000	131800000	1.0	4.4623373498127075
chr9	137450000	138500000	0.8157378651666526	3.1250173315188627	chr9	137500000	138550000	0.8047378541243649	1.9341535503046647
chrX	2550000	3850000	0.8361427157873053	2.2479275134435857	chrX	2750000	3850000	0.8901650429449554	2.9378151688034193
chrX	8750000	10050000	0.9414213562373095	1.44927837300232	chrX	8750000	9850000	0.5252750715749255	1.620117165028684
chrX	15750000	16850000	0.8744743347942345	3.267723051627423	chrX	15350000	16750000	0.7006171966695006	3.8360323156199874
chrX	20500000	21800000	0.861352157650265	0.0	chrX	20550000	21850000	0.8535533905932737	0.23470568277529955
chrX	25150000	26650000	0.7587938198006862	0.026209879322848628	chrX	25300000	26600000	0.6919417382415922	0.01673401575980127
chrX	32150000	33400000	0.8668667187211578	2.9579145986329856	chrX	32300000	33400000	0.790790557990391	4.3150589663166246
chrX	33400000	34450000	0.9023689270621824	0.0	chrX	33400000	34450000	0.9023689270621824	0.0
chrX	34450000	35850000	0.9774697523989652	0.07496205768122191	chrX	34450000	35950000	0.9483129613858614	0.15866017534649812
chrX	35850000	37050000	0.8242640687119285	0.03738222200308026	chrX	35950000	37050000	0.7907905579903909	0.30645668612492233
chrX	37050000	38400000	0.8261844635310913	1.9091621440135569	chrX	37050000	38450000	0.8448267308794382	2.966937979278458
chrX	39450000	40400000	0.782842712474619	4.398145116504409	chrX	39500000	40400000	0.9267766952966369	2.690417095532466
chrX	42150000	43700000	0.9186407725518188	0.5753123306874369	chrX	42450000	43650000	0.882842712474619	0.070389327891398
chrX	72000000	73000000	0.844887651767585	0.11484292633876304	chrX	71950000	73000000	0.9163162231961564	0.9606970393043124
chrX	75450000	76600000	0.8169417382415922	0.014355292977070055	chrX	75400000	76700000	0.7071067811865474	0.08406426478847455
chrX	80750000	82200000	0.7765388251536718	0.0	chrX	80750000	82200000	0.7765388251536718	0.0
chrX	82200000	83150000	1.0	0.0	chrX	82200000	83150000	1.0	0.014355292977070055
chrX	85450000	86500000	0.7357022603955158	0.0	chrX	85500000	86600000	0.647747564417433	0.0
chrX	89050000	91100000	0.7616624396527782	0.0	chrX	89050000	91100000	0.7616624396527782	0.007195501404203767
chrX	113100000	114400000	0.8613521576502652	0.07382023329167138	chrX	113350000	114400000	0.7821248191647022	0.04264433740849372
chrX	115050000	117400000	0.7008982818201854	0.512226886513957	chrX	115050000	117450000	0.7607258998775992	2.9126498648972032
chrX	120750000	122200000	0.8552284749830793	0.0	chrX	120800000	122150000	0.9146054701618019	0.0
chrX	124250000	128650000	0.5593598344791787	0.0	chrX	123400000	128600000	0.4688408571931449	1.5003771686362133
chrX	130900000	131850000	0.6380711874576983	3.6496154590634102	chrX	130850000	131900000	0.6194715560037098	4.663202278579537
chrX	131850000	132900000	0.8535533905932736	0.007195501404203767	chrX	131900000	132850000	0.6031495069119116	1.2395507966136452
chrX	136200000	137150000	0.7071067811865475	0.0	chrX	136150000	137150000	0.7071067811865475	0.056583528366367514
chrX	143350000	144350000	0.7071067811865475	0.0	chrX	143300000	144350000	0.7071067811865475	0.02856915219677092
chrX	144350000	147100000	0.734505477472913	2.425257871999214	chrX	144350000	147050000	0.7345939526887741	3.5406059510568726
chrX	150950000	152050000	0.9633883476483185	5.952252912558853	chrX	150900000	152000000	0.9581581115980782	1.9963887464476213
