chr1	2400000	3800000	0.8670555182846905	3.6371722734959553	chr1	2450000	3800000	0.8568290196912052	2.8110142646432
chr1	3800000	5450000	0.8535533905932737	3.468583317006828	chr1	3800000	5400000	0.844938884157584	3.0673805780190597
chr1	6650000	7900000	0.8707106781186548	4.396482461876949	chr1	6650000	7850000	0.8914213562373094	4.6013144861626385
chr1	30150000	31300000	0.9633883476483185	4.966476612136409	chr1	30150000	31250000	1.0	0.11103131238874395
chr1	34050000	35200000	1.0	0.0	chr1	34050000	35250000	0.9385792883888842	0.070389327891398
chr1	35200000	36400000	0.6457621235585611	4.57234400829481	chr1	35250000	36450000	0.7722854315746106	3.9312380898141193
chr1	36950000	37950000	0.8535533905932736	2.220329954879556	chr1	36950000	37900000	0.9511844635310913	0.0
chr1	38400000	39400000	0.882842712474619	3.3143339939190133	chr1	38450000	39400000	0.6421334847649001	3.528660613893897
chr1	49150000	50750000	0.934912618041455	0.005399987742589676	chr1	49300000	50750000	0.8828427124746189	0.00480098626382128
chr1	50750000	51750000	0.921030513642851	3.8876227468431677	chr1	50750000	51750000	0.921030513642851	3.4239814776165503
chr1	54400000	55500000	0.7361359120657514	3.9066605824120555	chr1	54400000	55550000	1.0	3.5571956245285468
chr1	57250000	59100000	0.8249850015401775	3.001802242633985	chr1	57250000	59100000	0.8249850015401775	0.7100257669702901
chr1	60350000	61400000	0.9023689270621824	2.8698714061777126	chr1	60350000	61300000	0.7071067811865475	0.025028794491522448
chr1	67950000	68950000	0.5957239873208662	5.360469630172831	chr1	67950000	69000000	0.8326324463923127	5.18840751874055
chr1	76300000	77550000	0.7449747468305832	1.37016428054021	chr1	76200000	77550000	0.8851100286299705	3.286881147788161
chr1	77550000	78550000	0.9023689270621825	3.9518675043269025	chr1	77550000	78500000	1.0	3.930053932170635
chr1	84350000	85650000	0.8590533961144174	3.4086073595596145	chr1	84300000	85650000	0.7934327749393864	3.4006430171782607
chr1	87600000	88600000	1.0	4.744430229987922	chr1	87650000	88600000	0.8535533905932737	6.002927502063068
chr1	97400000	98450000	0.882842712474619	1.875780063068488	chr1	97350000	98400000	1.0	2.576522137920503
chr1	114400000	115500000	0.9375	3.579904210898128	chr1	114400000	115500000	0.9375	3.93552260896479
chr1	118600000	119600000	0.9581581115980782	0.014355292977070055	chr1	118550000	119450000	0.8535533905932737	0.04264433740849372
chr1	157000000	158150000	0.8169417382415922	2.1792214978288147	chr1	157000000	158150000	0.8169417382415922	2.5412444862134222
chr1	158150000	159050000	0.7071067811865475	1.3054399720987935	chr1	158150000	159150000	0.9166666666666666	1.3562612122712279
chr1	161350000	162700000	0.9295266980572089	2.4287974982343097	chr1	161100000	162500000	0.8137251634420146	3.5655210180670567
chr1	165950000	166850000	0.9023689270621825	2.0755326311673574	chr1	165900000	166850000	1.0	2.1030779465975726
chr1	168250000	169400000	0.9633883476483185	2.0128240403575837	chr1	168200000	169450000	0.8446148857984959	2.502871574574139
chr1	171350000	172650000	0.7973778282549667	3.1709042767537254	chr1	171450000	172600000	0.801776695296637	3.0967678547146886
chr1	189350000	190400000	0.7071067811865475	0.0	chr1	189350000	190450000	0.790790557990391	0.11103131238874395
chr1	194350000	196050000	0.9639593991448431	0.0	chr1	194400000	195850000	0.9633883476483185	0.0
chr1	198650000	199550000	0.8535533905932737	0.0	chr1	198650000	199550000	0.8535533905932737	0.0
chr1	202050000	202950000	0.8535533905932737	4.316285013359011	chr1	202000000	202900000	0.9267766952966369	3.3274914035154937
chr1	213250000	214450000	0.9023689270621825	1.2110121934855116	chr1	213300000	214350000	0.9414213562373096	0.021479727410451396
chr1	214850000	215850000	0.8326324463923127	2.91169158187234	chr1	214800000	215800000	0.7612038749637413	4.683696454306516
chr1	221650000	222700000	0.824535599249993	0.9411063109464315	chr1	221600000	222750000	0.9281725989548082	3.845239125638779
chr1	224650000	225550000	0.8618033988749895	1.424922088210688	chr1	224600000	225550000	0.702496758077721	3.309127669880323
chr1	228750000	229700000	0.5514401255621684	1.9467308601403097	chr1	228750000	229700000	0.5514401255621684	2.238022517825721
chr1	233450000	234500000	0.8744743347942345	0.3895668117627256	chr1	233450000	234550000	1.0	1.7845039829295668
chr1	242200000	243250000	0.7583772504818588	0.0	chr1	242200000	243350000	0.6684163927288398	0.0
chr10	6550000	7750000	0.9023689270621824	0.10433665981473553	chr10	6500000	7700000	0.9633883476483185	0.25701061820602394
chr10	7750000	9350000	0.9837281545103638	5.160779041053011	chr10	7700000	9350000	0.9060660171779822	5.314394422201955
chr10	12200000	13250000	1.0	4.296579768173734	chr10	12150000	13200000	0.64975912597138	4.615690935646311
chr10	17450000	18550000	1.0	1.9733051333345797	chr10	17450000	18550000	1.0	2.0868969675263207
chr10	21100000	22250000	0.8155069236911359	2.5240636757772106	chr10	21200000	22250000	0.875	1.9858647012425326
chr10	27600000	28750000	0.9633883476483185	1.805292455600712	chr10	27600000	28800000	0.7749859704614352	2.417650017160688
chr10	28750000	29700000	0.9267766952966369	3.269594251683373	chr10	28800000	29700000	0.882842712474619	3.179909090014935
chr10	37150000	38100000	0.7071067811865475	0.0	chr10	37200000	38100000	0.7071067811865475	0.0
chr10	54550000	55500000	0.882842712474619	0.0	chr10	54550000	55550000	0.9163162231961564	0.0
chr10	75950000	77050000	0.790790557990391	3.844402392613997	chr10	75950000	77050000	0.790790557990391	4.0539801681876515
chr10	79650000	81150000	0.9483129613858613	8.892967745764063	chr10	79650000	81100000	0.9321383476483185	9.941436479852698
chr10	81150000	82050000	0.9267766952966369	2.5453506448222996	chr10	81100000	82150000	0.9023689270621825	3.6987741089036827
chr10	91550000	92500000	0.7720759220056126	0.0	chr10	91550000	92550000	1.0	0.0
chr10	95400000	96350000	0.9023689270621824	1.7958263069562528	chr10	95450000	96350000	0.8242640687119285	2.0398903850842074
chr10	98150000	99450000	0.8373956306405352	4.780310099043375	chr10	98150000	99150000	0.9023689270621825	1.8869402757855869
chr10	101100000	102100000	0.8744743347942345	3.3208972302197868	chr10	101150000	102050000	0.882842712474619	3.2512529740959035
chr10	105250000	106200000	0.8535533905932737	3.4004137252841486	chr10	105250000	106250000	0.8535533905932736	4.064169540556656
chr10	112900000	113850000	0.565685424949238	0.0	chr10	112900000	113900000	0.6565991539589369	0.0
chr10	114200000	115400000	0.8409482154510667	2.8132681417660796	chr10	114150000	115350000	0.8901650429449552	2.775313975253813
chr10	119100000	120200000	0.9166666666666665	1.8313705879675408	chr10	119150000	120150000	0.9166666666666667	2.5500797855124953
chr10	120800000	121700000	0.7	4.440650246325718	chr10	120800000	121750000	0.5338446573954877	5.03061698084563
chr10	127550000	128550000	0.8333333333333334	2.0596148562972223	chr10	127500000	128500000	1.0	3.7035806319379123
chr10	130700000	131950000	0.9414213562373095	3.7948057312466523	chr10	130700000	132000000	0.9095177968644246	4.056475148766656
chr11	10900000	11850000	0.5137067878119201	0.17419333307911597	chr11	10850000	11850000	0.9076504843704677	2.749802401680049
chr11	13450000	14400000	1.0	3.8756572125518822	chr11	13500000	14500000	0.9511844635310913	4.484030687891928
chr11	18900000	20650000	0.9122933696275085	2.8154729610873326	chr11	18950000	20200000	0.9166666666666666	1.5610642330237914
chr11	20650000	22150000	0.8535533905932737	0.0	chr11	20700000	22200000	0.8124220368340521	0.0
chr11	31150000	32300000	1.0	4.679855385985	chr11	31100000	32300000	0.9349126180414551	4.504196631190082
chr11	35500000	36800000	0.8292109403236039	3.3292671408955243	chr11	35500000	36650000	1.0	3.8641861446542807
chr11	38900000	40200000	0.7869867499538528	0.0	chr11	38900000	40150000	0.8535533905932737	0.0
chr11	58400000	59300000	1.0	0.9030382701129122	chr11	58350000	59600000	0.9545454545454545	2.335049232512301
chr11	66050000	67250000	0.8793570624858994	5.265767394537152	chr11	66050000	67200000	0.6944895939818647	4.681696895197911
chr11	67250000	68250000	0.7884068880649888	6.661022711533477	chr11	67200000	68250000	0.8373467368390075	5.866576683878183
chr11	70250000	71450000	0.8894427190999916	4.3428154613611865	chr11	70200000	71350000	0.8791886252409294	4.659896023803719
chr11	79850000	80900000	0.8242640687119284	0.0	chr11	80000000	80950000	1.0	0.0
chr11	80900000	82350000	0.763901289366209	0.0	chr11	80950000	82400000	0.8592724864350674	0.0
chr11	84350000	85250000	0.9414213562373096	0.0	chr11	84350000	85300000	1.0	0.0
chr11	105950000	107150000	0.7722854315746106	0.021479727410451396	chr11	105900000	107200000	0.7338256468081642	2.438736416545251
chr11	110350000	111300000	1.0	0.10768786931437331	chr11	110300000	111250000	1.0	0.8237493603082728
chr11	112100000	113150000	0.8373467368390075	0.026209879322848628	chr11	112050000	113100000	0.9511844635310911	3.1340155300584445
chr11	114600000	116050000	0.9166666666666666	0.5655971758542251	chr11	114700000	116150000	0.8942900470858132	3.9625490229230604
chr11	123500000	124500000	1.0	1.0130691500195212	chr11	123600000	124550000	0.7071067811865475	1.071350804128843
chr11	128800000	129700000	0.7722854315746106	0.6724253419714956	chr11	128750000	129700000	0.7614223231766001	0.6637241261526712
chr12	4950000	6000000	1.0	0.0024024902153046133	chr12	4950000	6100000	0.9008883476483185	2.564683016963639
chr12	18300000	19550000	1.0	0.36064520246021614	chr12	18300000	19450000	0.9674563090207275	0.6535186707535996
chr12	19550000	20850000	0.8888888888888888	2.4888577325705152	chr12	19800000	20850000	0.9	0.021479727410451396
chr12	27000000	27900000	0.5771601883432527	3.660183937961317	chr12	26950000	27900000	0.7967578214722151	3.195150710564713
chr12	29600000	31000000	0.7933325654359916	2.3056057895854294	chr12	29500000	30950000	0.9450825214724776	3.0143552929770703
chr12	31400000	32450000	0.8047378541243649	3.077990647684061	chr12	31450000	32500000	0.882842712474619	2.3996838089970094
chr12	33000000	34200000	0.7429961096932651	1.4541758931858022	chr12	32950000	34200000	0.7209055542666047	0.7612852733616191
chr12	41250000	42450000	0.9707106781186547	0.0	chr12	41200000	42400000	0.8535533905932737	0.007195501404203767
chr12	42900000	43800000	0.7071067811865475	4.218393711076788	chr12	42850000	43800000	0.8535533905932737	4.105594275795191
chr12	44350000	45400000	0.819035593728849	0.09085343045111348	chr12	44350000	45450000	0.875	0.09085343045111348
chr12	45400000	46450000	0.7894427190999915	3.3280465562707424	chr12	45450000	46450000	0.6515228816828316	3.7708290460324903
chr12	46450000	47350000	1.0	5.976019877729256	chr12	46450000	47400000	0.4472135954999579	5.854826836368533
chr12	49200000	50150000	0.8535533905932737	8.019244654755767	chr12	49200000	50150000	0.8535533905932737	7.6235069119317345
chr12	50150000	51150000	1.0	4.114391523708819	chr12	50150000	51200000	1.0	3.9406366072011494
chr12	52450000	53400000	0.9414213562373096	3.903629213536183	chr12	52450000	53400000	0.9414213562373096	3.881775120464228
chr12	58250000	59650000	0.7850133987732651	3.8790522237837335	chr12	58250000	59650000	0.7850133987732651	2.848330825093853
chr12	61000000	62600000	0.7501604382739442	0.0	chr12	60950000	62600000	0.7628959657224434	0.0
chr12	65650000	66550000	1.0	2.581833270240715	chr12	65650000	66600000	0.9414213562373096	3.9753321158979134
chr12	67350000	68500000	0.8791886252409294	3.4947356048627967	chr12	67350000	68550000	0.8120711948192234	4.119356177039675
chr12	70150000	71200000	1.0	4.068756785161765	chr12	70150000	71150000	1.0	3.1628545281905103
chr12	77350000	78550000	0.9633883476483185	1.7384075683401126	chr12	77450000	78400000	0.8047378541243649	2.852331830775988
chr12	78550000	79750000	0.9060355974096117	1.5631581304028077	chr12	78400000	79750000	0.9755922317655457	1.375734538583156
chr12	79750000	80700000	0.7269045263121755	2.6235157414905492	chr12	79750000	80700000	0.7269045263121755	3.3325289281138675
chr12	87400000	88400000	0.7071067811865475	0.0	chr12	87350000	88450000	0.882842712474619	1.8237493603082728
chr12	100200000	101150000	0.9414213562373095	1.6634711327209155	chr12	100200000	101100000	0.6204757192910176	2.088735246190284
chr12	102200000	103200000	1.0	3.2620679917923714	chr12	102250000	103250000	0.8535533905932737	3.5142274857307907
chr12	105550000	106700000	0.8535533905932737	4.686724617746093	chr12	105550000	106700000	0.8535533905932737	6.26725487215199
chr12	120550000	121800000	0.7899867529653857	7.98786402315227	chr12	120600000	121750000	0.8372815451036374	7.5264059405865575
chr12	131250000	132500000	0.8894427190999916	6.070603998681302	chr12	131150000	132250000	0.6767766952966369	6.350977055344831
chr13	25050000	26000000	0.629273453374358	2.6615215958527605	chr13	25000000	26000000	0.8867295401695068	2.4318903482861804
chr13	36450000	37550000	0.8901650429449552	2.039840264531791	chr13	36500000	37500000	0.8590533961144176	1.903231130890004
chr13	38600000	39500000	0.6363961030678926	2.724104519866845	chr13	38250000	39500000	1.0	3.368302738293688
chr13	40250000	41400000	0.9267766952966369	3.1540079475590246	chr13	40300000	41400000	0.8535533905932737	2.1529946054924354
chr13	41400000	42850000	0.9224438258837926	3.54256760776422	chr13	41400000	42900000	0.8761427759411714	2.5161412511985697
chr13	46050000	46950000	1.0	0.5424349481842677	chr13	46050000	46950000	1.0	0.7830075664061418
chr13	47450000	48450000	0.819035593728849	0.0	chr13	47400000	48550000	0.6268860096340382	0.007195501404203767
chr13	50500000	51650000	0.9267766952966369	2.0394308814986117	chr13	50600000	51850000	1.0	1.8052924556007115
chr13	53750000	56850000	0.6663149308822037	0.0	chr13	53850000	58100000	0.5535325925699239	0.0014419741739063218
chr13	58150000	59450000	0.9023689270621824	1.3132458517875616	chr13	58100000	59300000	0.8181980515339464	0.0
chr13	62650000	63700000	0.9023689270621824	0.0	chr13	62500000	63650000	0.7844550900307685	0.0
chr13	63700000	65050000	0.8873487619948262	0.0	chr13	63650000	65000000	0.9549395047979305	0.0
chr13	73300000	74300000	0.7071067811865475	2.0881415968690176	chr13	73250000	74300000	1.0	2.5268200197245965
chr13	74950000	75950000	0.9511844635310913	0.0	chr13	75000000	75900000	0.9414213562373096	0.0
chr13	75950000	77050000	1.0	4.327974725005777	chr13	75900000	77100000	0.8371320343559643	5.576522137920503
chr13	78800000	80100000	1.0	2.3998546735724315	chr13	78800000	79900000	0.9267766952966369	1.1342209397606335
chr13	85450000	86550000	1.0	0.0	chr13	85400000	86500000	1.0	0.5704629310260411
chr13	88400000	89850000	0.8172754816462112	0.0	chr13	88050000	89800000	0.8205145564329872	0.12432813500220179
chr13	96700000	97600000	0.7071067811865475	1.3074285251922473	chr13	96700000	97600000	0.7071067811865475	2.811471030529836
chr13	100250000	101250000	1.0	1.2393980415665555	chr13	100250000	101250000	1.0	1.1190241031422743
chr13	102500000	103600000	0.7927050983124841	2.3096936070271035	chr13	102600000	103550000	0.819035593728849	2.7221016615342157
chr13	107800000	108900000	0.825191746523308	1.4444903850658142	chr13	107800000	108850000	0.9511844635310913	2.1325768426700082
chr13	111200000	112150000	1.0	4.264020286214447	chr13	111200000	112150000	1.0	3.896211291162986
chr14	23550000	24550000	0.7652382686481025	3.9915542385280043	chr14	23550000	24550000	0.7652382686481025	4.015980470064461
chr14	30000000	30950000	0.9414213562373096	1.7761039880731644	chr14	30000000	30950000	0.9414213562373096	3.113533819591914
chr14	30950000	31950000	0.7316171919370917	3.3382659291148404	chr14	30950000	31900000	0.6102934096799205	3.639893646544171
chr14	38300000	39500000	0.9023689270621824	7.570994128743228	chr14	38350000	39450000	0.8169417382415921	2.165107985144536
chr14	48900000	50000000	0.9267766952966369	0.0	chr14	48800000	50050000	0.8047378541243649	0.0
chr14	53800000	54850000	0.7071067811865475	7.6729909938277485	chr14	53750000	54850000	0.9163162231961564	1.7376867614098603
chr14	60000000	61000000	0.8030457633656631	2.8928767000606896	chr14	60050000	61000000	1.0	3.288569497940932
chr14	62400000	63750000	0.7929723656440777	6.77190758138322	chr14	62600000	63750000	1.0	3.7306399559167915
chr14	65500000	66400000	1.0	4.742814669862894	chr14	65500000	66750000	0.8506061709578836	3.996238081203801
chr14	66800000	67750000	0.8535533905932737	1.638460049213781	chr14	66750000	67750000	0.9581581115980783	2.4978252309881133
chr14	70000000	71450000	0.843621358445767	3.508301872353306	chr14	70150000	71450000	0.9511844635310913	4.026431225124426
chr14	78300000	79300000	0.8326324463923127	0.5160151470036649	chr14	78250000	79300000	0.8047378541243649	3.243745234733984
chr14	89500000	90450000	0.8242640687119285	2.730639955916791	chr14	89500000	90500000	0.6421334847649001	3.138323004056484
chr14	97400000	99850000	0.9062039890204473	0.005399987742589676	chr14	97450000	99850000	0.8912904095357085	0.0036022366801955253
chr15	22650000	23650000	0.9414213562373096	3.6177980259027787	chr15	22650000	23600000	0.7845177968644245	3.1161359902062746
chr15	35750000	37450000	0.8459879778361694	3.24767438684571	chr15	35850000	37450000	0.9511844635310913	4.645009884391095
chr15	40750000	41700000	0.5334982451822127	3.762140792967949	chr15	40750000	41650000	0.9	3.50519529788997
chr15	47450000	48550000	0.9581581115980783	2.1740867785504	chr15	47400000	48600000	0.9444444444444444	1.5105400169375136
chr15	49600000	50500000	0.8242640687119285	1.0257375614136084	chr15	49550000	50650000	0.9511844635310911	2.86761410856737
chr15	53100000	54150000	0.9581581115980783	0.0	chr15	53100000	54150000	0.9581581115980783	0.0
chr15	54150000	55450000	0.8558375965793723	0.0	chr15	54150000	55450000	0.8558375965793723	0.0
chr15	55450000	56650000	1.0	2.598776627466258	chr15	55450000	56700000	0.7931421539647794	2.662619829076593
chr15	56650000	57850000	0.9674563090207274	4.067273006528804	chr15	56700000	57750000	0.8744743347942346	3.9015909919033698
chr15	64450000	65700000	0.9467466874884631	5.558323301103411	chr15	64500000	65650000	0.926776695296637	3.475214615878225
chr15	70900000	71800000	1.0	4.90552740646254	chr15	70950000	72050000	1.0	5.065048064728305
chr15	76200000	77250000	1.0	3.9677834360272892	chr15	76250000	77250000	1.0	4.244950467322243
chr15	84050000	84950000	1.0	0.32192809488736235	chr15	83800000	84900000	0.5231705919951835	1.797843067065541
chr15	86400000	88100000	0.8786039432791353	0.0	chr15	86400000	88100000	0.8786039432791353	0.0
chr15	91600000	92600000	0.7722854315746106	0.43562859405209065	chr15	91550000	92650000	1.0	2.5310694927259543
chr15	92600000	93600000	0.5638545534952365	2.9747587304760787	chr15	92650000	93550000	0.6035533905932737	1.8982083525087179
chr15	95700000	96900000	0.8947213595499959	5.269033146455238	chr15	95600000	96950000	0.9098790095958609	5.183486514459392
chr15	96900000	97800000	0.7071067811865475	0.14077865578279594	chr15	96950000	97900000	0.5892556509887895	0.0
chr16	2000000	3100000	0.7525381361380528	7.386709616465744	chr16	1950000	3100000	0.8468133715066269	6.699178925306004
chr16	9250000	10350000	0.6847485280120451	0.03562390973072122	chr16	9300000	10400000	0.9023689270621824	0.0
chr16	12050000	13050000	0.8791886252409293	2.859259665295278	chr16	12000000	13100000	0.8576783947341315	3.06177619758669
chr16	13900000	14850000	0.6380711874576983	3.2024177215751815	chr16	13900000	14850000	0.6380711874576983	2.6913945785380853
chr16	16450000	17700000	0.8046935136970601	6.072320216032703	chr16	16450000	17650000	0.9633883476483185	4.955824240806441
chr16	21500000	22500000	0.8666666666666668	4.523151767052551	chr16	21500000	22500000	0.8666666666666668	4.368660913781733
chr16	22500000	23650000	0.9023689270621825	4.920610899560861	chr16	22500000	23600000	0.8901650429449554	3.776235614827591
chr16	25850000	27050000	0.8169417382415922	0.0	chr16	25800000	27100000	0.8402400624653896	0.0
chr16	50850000	52000000	0.7912578159510714	0.070389327891398	chr16	50900000	52150000	0.844614885798496	1.3219280948873624
chr16	54350000	55350000	0.8326324463923129	0.007195501404203767	chr16	54300000	55400000	0.8169417382415922	0.005399987742589676
chr16	68350000	69300000	0.9023689270621824	3.9740244644471163	chr16	68350000	69250000	1.0	3.702602139291713
chr16	72100000	73300000	0.8568533939059602	3.097610796626422	chr16	72100000	73350000	0.8707106781186547	2.903809558578697
chr16	73300000	74300000	1.0	0.0	chr16	73350000	74350000	0.8535533905932736	5.889351852594646
chr16	78200000	80500000	0.9017897237102162	0.02856915219677092	chr16	78200000	80500000	0.9017897237102162	0.014355292977070055
chr17	3550000	4500000	0.7357022603955158	4.7464824985820755	chr17	3550000	4500000	0.7357022603955158	4.079131049297507
chr17	5350000	6400000	0.8894427190999916	4.920531506277905	chr17	5400000	6400000	0.9023689270621824	5.920561279271022
chr17	9600000	10700000	0.8901650429449552	1.1052949428395993	chr17	9600000	10700000	0.8901650429449552	1.370363589104579
chr17	10700000	11950000	0.8105777222858805	1.2606279081266987	chr17	10700000	11950000	0.8105777222858805	1.6530600171045648
chr17	11950000	12950000	0.7212496525266316	4.343526265304398	chr17	11950000	13000000	0.9511844635310911	4.170859778657061
chr17	16800000	18100000	0.787887806407748	4.265444792379188	chr17	16900000	18050000	0.7011217566974352	4.11314155638292
chr17	18100000	19100000	1.0	4.753040447851211	chr17	18050000	19100000	0.8867295401695068	3.9212044847760636
chr17	38750000	39900000	1.0	1.6753510277139378	chr17	38900000	39900000	1.0	2.578127346294491
chr17	44050000	45050000	1.0	3.4740820076576324	chr17	44050000	45100000	0.9166666666666666	3.434461432441338
chr17	45900000	46850000	1.0	4.1970003955275486	chr17	45950000	46850000	1.0	4.333620516502587
chr17	47350000	48350000	0.9023689270621825	5.025041102443397	chr17	47300000	48500000	0.6462793911836433	7.159873529989007
chr17	53900000	55100000	1.0	3.3677704276001146	chr17	53900000	55100000	1.0	3.0694075687239515
chr17	55850000	57200000	0.8314339041056165	3.898406257587913	chr17	56250000	57250000	0.8047378541243649	3.1699250014423126
chr17	60450000	61850000	0.8420933534999968	4.576805539798239	chr17	60550000	61850000	0.9339255650988789	4.238432036986235
chr17	63200000	64150000	0.782842712474619	0.611172380044005	chr17	63200000	64150000	0.782842712474619	0.39780296186248987
chr17	66550000	67450000	0.9023689270621825	1.925456950025339	chr17	66550000	67450000	0.9023689270621825	0.5058909297299573
chr17	72800000	73800000	0.9511844635310913	5.3024182843970635	chr17	72850000	73800000	0.5511708697745937	5.2595469012477585
chr18	850000	2050000	0.882842712474619	0.0	chr18	900000	2050000	0.8563451979096164	0.0
chr18	4100000	5150000	0.5514401255621685	0.014355292977070055	chr18	4150000	5150000	1.0	0.04963076772460043
chr18	22000000	23000000	0.7946278254943947	4.737326222849721	chr18	21950000	22950000	0.8326324463923127	3.4659744645040695
chr18	25850000	27950000	0.8070865558992841	0.0	chr18	25900000	27400000	0.7571667528211006	0.0
chr18	31450000	32450000	1.0	1.835924074254375	chr18	31500000	32450000	1.0	1.9791107550157856
chr18	33500000	34400000	0.7203067944372926	3.4280530351181002	chr18	33550000	34450000	1.0	5.075693064310796
chr18	35150000	37200000	0.8633404467345298	0.0	chr18	35200000	37500000	0.9098972802915543	0.0
chr18	39600000	41150000	0.8641090754481908	0.007195501404203767	chr18	39600000	41100000	0.8556158926637027	0.0
chr18	43700000	44650000	0.7269045263121755	0.9818526532897407	chr18	43700000	44700000	1.0	1.5224210346524434
chr18	46050000	46950000	0.8242640687119285	3.4995270242150958	chr18	46000000	46950000	0.7071067811865475	4.5786368624717415
chr18	50400000	51600000	0.8394427190999916	0.0	chr18	50350000	51800000	0.9288391973670658	3.441948190503361
chr18	64750000	66400000	0.8552033922496168	2.571272297129114	chr18	64800000	66450000	0.8744743347942345	3.0158424542683173
chr18	75550000	76950000	0.9549395047979304	2.94063660720115	chr18	75600000	77000000	0.8878600313905421	2.1268077031420347
chr19	1900000	2800000	1.0	6.813066197270066	chr19	1900000	2800000	1.0	6.0416915964486515
chr19	3650000	4700000	1.0	5.842413204573309	chr19	3650000	4700000	1.0	5.602447312120272
chr19	4700000	5750000	0.9511844635310913	5.9615152918789605	chr19	4700000	5750000	0.9511844635310913	5.874698619326427
chr19	11700000	12900000	0.9210305136428512	4.665348838712988	chr19	11750000	12900000	0.8744743347942348	4.200341343244313
chr19	12900000	13900000	0.8860379610028064	6.274186384507218	chr19	12900000	13900000	0.8860379610028064	6.475770838304443
chr19	33550000	34900000	0.9027777777777777	4.657640005207825	chr19	33550000	34950000	0.9005466754758884	4.587890002784225
chr19	43000000	43950000	0.8047378541243649	0.21412480535284734	chr19	43000000	44150000	0.7071067811865475	4.027786936363546
chr19	43950000	45100000	0.7885800941716263	2.9810095471738656	chr19	44150000	45100000	0.8535533905932737	3.2790860412775866
chr2	3800000	4900000	0.8169417382415922	0.0	chr2	3800000	4900000	0.8169417382415922	0.0
chr2	6950000	8850000	0.8368871000624971	2.950468414150123	chr2	7100000	8900000	0.8395160197015705	7.691917957843985
chr2	10850000	11800000	1.0	4.522118539187344	chr2	10800000	11850000	0.9023689270621825	4.358201477186475
chr2	11800000	13250000	0.9471450235429066	3.255752490419925	chr2	11850000	13200000	0.7031167648604726	2.9634741239748865
chr2	15750000	16700000	1.0	0.2047667506546134	chr2	15750000	16800000	0.9581581115980783	0.0
chr2	16700000	17700000	0.7240762770085143	1.993674361750585	chr2	16800000	17900000	0.7519684418199448	0.5008020530571576
chr2	18600000	19600000	1.0	1.3088850574117634	chr2	18550000	19600000	0.9023689270621824	3.3605398616518096
chr2	20900000	23500000	0.7461514197775432	1.8692133924646457	chr2	21350000	23400000	0.7737367036774299	0.0
chr2	30950000	31900000	1.0	1.028569152196771	chr2	30950000	31900000	1.0	2.3715588626119635
chr2	32750000	33850000	1.0	4.451458409785833	chr2	32750000	33850000	1.0	6.008568682751326
chr2	38150000	39050000	1.0	4.321464296938413	chr2	38150000	39050000	1.0	4.583759753639499
chr2	40900000	42000000	0.7509739283128184	0.0	chr2	41050000	42000000	0.6204757192910176	0.0
chr2	50700000	52100000	0.7193619865618196	0.0	chr2	50700000	52350000	0.7596194077712559	0.04264433740849372
chr2	54000000	54950000	0.9414213562373096	3.4086439359350926	chr2	54100000	55000000	1.0	3.2045059362200443
chr2	59150000	60850000	0.8727326838446486	0.056583528366367514	chr2	59500000	60900000	0.9774697523989653	0.4541758931858021
chr2	74700000	76000000	0.8590533961144177	4.224032147983792	chr2	74750000	75950000	0.8576783947341317	3.9687996931115554
chr2	76000000	76950000	0.7777777777777777	0.0	chr2	75950000	76950000	0.7659181654104361	0.0
chr2	100150000	101100000	1.0	1.304511041809953	chr2	100050000	101050000	1.0	2.2714256760929348
chr2	102550000	103450000	1.0	1.9382857918840528	chr2	102500000	103500000	0.6495961163186379	1.4329594072761058
chr2	103450000	105650000	0.7220269612045542	0.0	chr2	103500000	105500000	0.6323059781873255	0.0
chr2	105650000	106700000	0.7702200572599404	5.397194486509358	chr2	105500000	106700000	0.6562491622727777	5.452090200923975
chr2	114850000	118550000	0.6579308833358513	0.0	chr2	115600000	118550000	0.7343440649732172	0.0
chr2	118550000	119700000	0.8535533905932737	2.905735977667027	chr2	118550000	119700000	0.8535533905932737	2.812498225333564
chr2	133050000	133950000	0.9023689270621825	4.694415930513323	chr2	133000000	133900000	1.0	3.5433412122874954
chr2	135700000	136600000	1.0	3.784678463795824	chr2	135700000	136600000	1.0	3.505467541600466
chr2	137250000	138600000	0.9511844635310913	0.0	chr2	137250000	138550000	0.9201200312326948	0.0
chr2	138600000	139600000	0.8678511301977578	1.7683607904417404	chr2	138550000	139650000	0.8571428571428572	1.6743099863164383
chr2	143900000	145250000	0.8873487619948259	3.0027025203798234	chr2	143900000	145300000	0.8686971755771088	3.5837597536394994
chr2	145250000	146600000	0.8104256850717491	3.6176511194273306	chr2	145300000	146550000	0.7548455326271915	0.0
chr2	147400000	148650000	0.8341640786499873	1.2172307162206693	chr2	147500000	148650000	1.0	1.0531113364595626
chr2	150450000	151400000	0.9023689270621826	5.247357916131104	chr2	150450000	151350000	0.9414213562373096	0.0
chr2	156150000	157050000	0.8242640687119285	0.0	chr2	156100000	157050000	0.882842712474619	0.0
chr2	160850000	162200000	0.8539983817994324	4.304291992533389	chr2	160900000	162100000	0.7907771946788966	3.531849285751203
chr2	162200000	163200000	0.8535533905932736	1.2056606137816521	chr2	162100000	163300000	0.864276695296637	3.648968687845484
chr2	180900000	181900000	0.844887651767585	6.135042286233652	chr2	180900000	181900000	0.844887651767585	5.965322548367255
chr2	188400000	189400000	0.9023689270621825	5.925702781351336	chr2	188300000	189350000	0.790790557990391	3.5649878009598903
chr2	203200000	204200000	0.7907905579903909	2.8841094513592296	chr2	203250000	204150000	0.8242640687119285	2.005699395244108
chr2	205750000	206900000	0.7993033988749895	6.696758928739037	chr2	205700000	206900000	0.8535533905932737	4.92765946070309
chr2	209200000	210150000	0.9511844635310913	0.0	chr2	209200000	210150000	0.9511844635310913	0.0
chr2	212550000	213500000	1.0	0.021479727410451396	chr2	212550000	213450000	1.0	0.0
chr2	220500000	221500000	0.8153009687409354	0.0	chr2	220500000	221550000	0.8326324463923127	0.0
chr2	221500000	222500000	0.882842712474619	3.145677455195635	chr2	221550000	222450000	0.7071067811865475	4.4202128906107845
chr2	223500000	224700000	0.6710091201958825	3.41886457739032	chr2	223500000	224750000	0.765685424949238	3.322889571124808
chr2	226550000	228050000	0.96875	1.0908534304511135	chr2	226550000	228000000	0.8297275450153843	4.034743949324734
chr2	230600000	231800000	0.6349978387184807	3.454175893185802	chr2	230600000	231800000	0.6349978387184807	4.907264579178899
chr2	239950000	241000000	0.7702200572599404	3.572552865561368	chr2	239950000	241000000	0.7702200572599404	3.359427461548936
chr20	1500000	2550000	0.8102378596455088	4.408842477222912	chr20	1550000	2500000	0.7	4.202613620148487
chr20	10500000	11550000	0.8373467368390075	2.4161641647331282	chr20	10450000	11550000	1.0	1.7430840555495861
chr20	18350000	19600000	0.8372815451036375	3.1917995010650753	chr20	18450000	19600000	0.684443071452822	3.652390885716971
chr20	22250000	23450000	0.8120711948192234	4.208205089504448	chr20	22300000	23500000	1.0	2.026800059343715
chr20	40300000	42050000	0.8934433619633035	0.0	chr20	40350000	42050000	0.8852326838446487	0.0
chr20	43500000	44500000	0.6242640687119285	3.5365192133534293	chr20	43500000	44500000	0.6242640687119285	3.919495023192464
chr20	46300000	47200000	0.7535533905932736	5.530913483529707	chr20	46350000	47250000	0.8333333333333334	0.47508488294878287
chr20	50850000	52050000	1.0	0.007195501404203767	chr20	50850000	52100000	0.9267766952966369	0.04963076772460043
chr20	53350000	54900000	0.953017798704806	0.0	chr20	53350000	54950000	0.9511844635310912	2.7067147224548656
chr20	54900000	56050000	0.7660474656666573	3.7389993904546315	chr20	54950000	56000000	0.8002191388837806	4.079903192916361
chr20	60550000	61550000	0.9166666666666665	8.036657701092041	chr20	60550000	61500000	0.4003834930466158	7.301552808574114
chr21	31350000	32400000	0.7071067811865475	0.0	chr21	31400000	32400000	0.9511844635310913	0.0
chr21	37500000	38400000	1.0	1.9500536082125643	chr21	37500000	38450000	0.8121320343559641	3.376239860844326
chr21	40700000	42450000	0.9201200312326946	3.8026527837342403	chr21	40700000	42450000	0.9201200312326946	3.790598292448303
chr22	18800000	20250000	0.8353710126495104	5.697029859862425	chr22	18850000	20250000	0.9615384615384616	4.805461475383408
chr22	26800000	27800000	0.8373467368390075	4.449750011517387	chr22	26850000	27750000	1.0	3.8362607985039814
chr22	29700000	30700000	1.0	4.598910513800375	chr22	29750000	30750000	0.9163162231961564	4.994868817529897
chr22	30700000	31800000	0.8373467368390075	4.379539276463282	chr22	30750000	31750000	0.782842712474619	4.2323508156041285
chr22	35600000	36850000	0.664902910955215	4.7692427951405385	chr22	35650000	36850000	1.0	5.085183847045264
chr22	39850000	40750000	1.0	5.841004457701771	chr22	39850000	40750000	1.0	5.9816814372315195
chr22	42000000	42950000	0.7264911064067352	4.555407169930371	chr22	41950000	43000000	1.0	4.478015129332522
chr3	3250000	4250000	1.0	0.021479727410451396	chr3	3250000	4250000	1.0	0.32192809488736235
chr3	4250000	5300000	0.8867295401695068	3.8241950393994504	chr3	4250000	5300000	0.8867295401695068	3.433877497350754
chr3	8300000	9450000	0.7721941631450924	2.94778302625542	chr3	8300000	9400000	0.7036492638549278	3.5944291162094286
chr3	11900000	12900000	0.7630915409285535	6.550524486354949	chr3	11950000	13000000	0.867851130197758	7.294600328435136
chr3	15700000	16600000	0.5669417382415922	3.697884997071589	chr3	15700000	16600000	0.5669417382415922	3.952799477899939
chr3	18550000	19900000	0.6628010873055767	0.007195501404203767	chr3	18550000	19900000	0.6628010873055767	0.0
chr3	23000000	24000000	0.7071067811865475	9.451347130952527	chr3	23000000	24000000	0.7071067811865475	9.100725406262358
chr3	25800000	27200000	0.7725698210163476	1.6386531164661118	chr3	25650000	27150000	0.8759842209099724	3.028745942227124
chr3	28850000	30000000	0.934912618041455	3.4309542713857293	chr3	28500000	30050000	0.9186733684195038	3.420886574975531
chr3	32200000	33900000	0.8584452427672674	5.135343329484828	chr3	32300000	33900000	0.9328214104078936	4.697305191578888
chr3	34750000	36000000	0.9201200312326948	0.0	chr3	34350000	36000000	0.8884216309282086	0.0
chr3	38550000	39450000	0.7885800941716263	7.791911723207094	chr3	38500000	39500000	0.7002667531989906	7.113882382302137
chr3	41900000	42850000	0.804737854124365	3.2489901604413025	chr3	41900000	42900000	0.9163162231961564	3.3734626139278294
chr3	50350000	51450000	0.6155201076247159	6.006003417400173	chr3	50300000	51450000	0.7506504832081076	4.359977914066882
chr3	53950000	54850000	0.618718433538229	0.0	chr3	53950000	54850000	0.618718433538229	0.35049724708413316
chr3	67000000	67900000	0.6683281572999747	1.790772037862	chr3	67000000	67950000	0.7777777777777777	3.12391445900198
chr3	67900000	69000000	0.7071067811865475	0.03562390973072122	chr3	67950000	69000000	0.6481812160876685	0.021479727410451396
chr3	71800000	73100000	0.8613521576502652	1.377322098623288	chr3	71800000	73050000	0.869866721732691	1.9875807407459323
chr3	74050000	75200000	0.9267766952966369	0.04963076772460043	chr3	74000000	75200000	0.8734919064303392	1.4276061727818994
chr3	77350000	78650000	0.8922588984322122	0.0	chr3	77550000	78600000	0.9163162231961564	0.0
chr3	79550000	80700000	0.7910533905932737	2.097610796626422	chr3	79600000	80550000	0.7071067811865475	4.03826057517535
chr3	81350000	82400000	0.9023689270621825	4.462379571841023	chr3	81350000	82250000	1.0	4.307792796129895
chr3	100400000	101400000	0.6204757192910175	4.695332704728674	chr3	100400000	101400000	0.6204757192910175	4.2723498493230325
chr3	104250000	105250000	0.7536629600351639	4.871104373555458	chr3	104250000	105200000	0.8894427190999916	6.090535901003175
chr3	109900000	111250000	0.8150918521317354	2.4718377624222865	chr3	109950000	110950000	0.8326324463923128	3.500164679492168
chr3	123300000	124400000	1.0	3.5883248679119157	chr3	123350000	124450000	1.0	5.728110986609214
chr3	124400000	125350000	1.0	4.4239142676731	chr3	124450000	125350000	0.882842712474619	3.970220956415471
chr3	125350000	126250000	0.7071067811865475	3.515314367351819	chr3	125350000	126250000	0.7071067811865475	2.26136365284928
chr3	133250000	134300000	0.9511844635310913	4.274973174660431	chr3	133450000	134350000	1.0	4.467898949746597
chr3	134300000	135700000	0.8395548894133151	0.9975935022929048	chr3	134350000	135700000	0.9012921420339177	2.086613947409496
chr3	135700000	136800000	0.9023689270621824	3.4091646132819724	chr3	135700000	136800000	0.9023689270621824	3.2620321862444173
chr3	136800000	137750000	0.7071067811865475	0.0	chr3	136800000	137700000	0.8242640687119285	0.0
chr3	137750000	138750000	0.8030457633656634	2.5070757558992347	chr3	137700000	138700000	0.9163162231961564	2.658606988484423
chr3	139150000	140950000	0.9244570863149222	2.320304149325612	chr3	139200000	140550000	0.8634522631560877	3.4173799759730232
chr3	144550000	145650000	0.9581581115980782	0.0	chr3	144650000	145600000	1.0	0.0
chr3	152650000	154000000	0.7844168717389138	1.8339020766691634	chr3	152650000	154000000	0.7844168717389138	1.6561149574538807
chr3	160250000	161250000	0.7536629600351641	2.330148601692331	chr3	160250000	161250000	0.7536629600351641	2.349890945313962
chr3	161250000	162700000	0.9450825214724776	0.0	chr3	161250000	162800000	0.9674563090207274	0.0
chr3	162700000	165650000	0.8243889007340806	0.16349873228287956	chr3	162800000	164900000	0.827231281283553	0.0
chr3	167650000	168650000	1.0	2.952333566369686	chr3	167600000	168650000	1.0	4.885330315476167
chr3	173050000	176150000	0.6712315332350892	1.74416109557041	chr3	173800000	176200000	0.8263379652168701	1.5109619192773793
chr3	179450000	180400000	0.5722854315746106	2.2831809789455697	chr3	179450000	180400000	0.5722854315746106	2.444269502413482
chr3	181500000	182450000	0.8157378651666526	0.0	chr3	181400000	182400000	0.7468229320476072	0.0
chr3	191200000	192250000	1.0	0.0	chr3	191200000	192250000	1.0	0.0
chr3	193350000	194250000	1.0	4.627256626927326	chr3	193300000	194200000	1.0	2.663913842115978
chr4	650000	1800000	0.9023689270621825	5.037554115794603	chr4	700000	1800000	1.0	4.905182395592343
chr4	1800000	3000000	0.7938505434181141	4.969767032443309	chr4	1800000	3000000	0.7938505434181141	4.574252916500179
chr4	4900000	5950000	0.9511844635310913	2.730277651786085	chr4	4950000	5900000	1.0	2.3424599280187146
chr4	16400000	17500000	0.8901650429449554	7.097926772909684	chr4	16400000	17500000	0.8901650429449554	5.262658655072225
chr4	17500000	18650000	1.0	3.5888645181901477	chr4	17500000	18650000	1.0	3.349966746971192
chr4	19200000	20300000	0.656599153958937	2.752748591407134	chr4	19200000	20350000	0.8169417382415922	3.208673319629472
chr4	20700000	21800000	0.68977530353517	0.0	chr4	20750000	21650000	0.7071067811865475	0.0
chr4	24400000	25300000	1.0	3.3053625840823435	chr4	24450000	25350000	0.7071067811865475	3.4819262564243836
chr4	30650000	31750000	0.8535533905932737	3.1243281350022016	chr4	30650000	31850000	0.9121320343559642	4.349436051713822
chr4	41950000	43000000	0.7857142857142858	2.550900664647523	chr4	42050000	43000000	1.0	0.19061486020949714
chr4	43750000	44750000	0.8326324463923128	1.6305219634716384	chr4	43700000	44700000	0.7071067811865475	1.493134922305505
chr4	48200000	49100000	0.7071067811865475	4.360978730952455	chr4	48100000	49100000	0.5097905627228	3.6901066449188673
chr4	62650000	64950000	0.9155846022687135	0.0	chr4	63050000	65500000	0.8931034140972921	0.0
chr4	65550000	67650000	0.7873882410364307	0.29865831556451516	chr4	65500000	67650000	0.74627865354949	0.056583528366367514
chr4	68250000	69250000	0.7357022603955158	2.0073749299276478	chr4	68250000	69200000	0.8242640687119285	1.6652411557781408
chr4	69250000	70150000	1.0	0.0	chr4	69200000	70450000	0.7608455386502575	1.4300175867276597
chr4	70150000	71400000	0.8308640753373011	1.7372747099851702	chr4	70450000	71450000	0.9166666666666667	0.004321605950093468
chr4	74050000	75050000	0.8496019422142798	2.2914009594836915	chr4	74000000	75100000	0.8535533905932737	1.3310960837593278
chr4	76950000	78150000	0.8914213562373094	4.092661054134317	chr4	77000000	78100000	0.7536629600351641	4.683892916907347
chr4	82200000	83200000	1.0	0.014355292977070055	chr4	82300000	83250000	0.819035593728849	0.07724299893246035
chr4	84450000	85450000	1.0	0.1342209397606334	chr4	84400000	85450000	0.7071067811865475	1.1276332797258741
chr4	99000000	100000000	0.8571428571428572	4.0399279743558685	chr4	99000000	99950000	0.824535599249993	4.683191141878241
chr4	100950000	101850000	0.7071067811865475	4.247737672658933	chr4	100950000	101850000	0.7071067811865475	0.8499992594660976
chr4	107850000	108900000	0.9023689270621824	4.282625134191675	chr4	107850000	108850000	0.9023689270621824	4.160140345737008
chr4	112950000	114100000	0.8734919064303392	1.4633608858166582	chr4	112950000	114150000	0.765685424949238	1.6976626334705183
chr4	119200000	120450000	0.9121320343559642	4.045413846294048	chr4	119150000	120400000	0.7959867589884517	4.465067508391413
chr4	127550000	128450000	0.8535533905932737	0.0	chr4	127500000	128500000	0.9511844635310911	0.0
chr4	129050000	130150000	0.9267766952966369	2.46532151358055	chr4	129000000	130200000	0.8901650429449552	3.206721357430889
chr4	136700000	137850000	0.9023689270621825	0.0	chr4	136550000	137950000	0.9372371673971173	0.0
chr4	137850000	138750000	0.882842712474619	1.185866545311334	chr4	137950000	139000000	1.0	4.631686366311998
chr4	138750000	139900000	0.9633883476483185	4.185470146066942	chr4	139000000	139900000	1.0	2.3603642765434705
chr4	145050000	146000000	0.9166666666666667	5.733535118139393	chr4	145000000	146000000	0.7612038749637413	1.4524197212819239
chr4	148900000	150150000	0.7429961096932651	2.0565835283663674	chr4	148950000	149850000	0.618718433538229	0.6959938131099002
chr4	150850000	151950000	1.0	2.3214471163728594	chr4	150850000	151950000	1.0	2.8553253201192637
chr4	155400000	156300000	1.0	1.9289492853021375	chr4	155350000	156250000	0.875	2.346425085585597
chr4	160450000	162150000	0.8744743347942348	0.0	chr4	160450000	162250000	0.8522708028904398	0.0
chr4	174400000	175300000	0.9267766952966369	1.8025379057598285	chr4	174350000	175250000	0.9267766952966369	1.9417323448208192
chr4	175300000	176750000	0.8551237822087165	0.0	chr4	175250000	176800000	0.9816941738241592	0.0
chr4	177300000	178550000	0.9674563090207275	2.7920744619288698	chr4	177200000	178500000	0.8448981046654722	3.8344078418069953
chr5	6800000	7850000	1.0	0.02856915219677092	chr5	6850000	7800000	1.0	0.0
chr5	11350000	13900000	0.7674102964607497	0.0	chr5	12050000	13900000	0.7902823013146313	0.0
chr5	15100000	16050000	1.0	4.2660368939953175	chr5	15150000	16100000	0.9511844635310913	3.0967678547146886
chr5	17300000	18400000	0.8153009687409354	0.0	chr5	17300000	18450000	0.9581581115980783	0.0
chr5	18400000	19500000	0.8030457633656634	0.0	chr5	18450000	19600000	0.6843592167691145	0.0
chr5	35000000	36050000	0.9023689270621826	0.18541350871132015	chr5	35000000	36050000	0.9023689270621826	2.0671961648390362
chr5	37300000	38250000	0.9414213562373096	2.3367594462884482	chr5	37300000	38300000	0.821078127958061	2.1679198655519354
chr5	39650000	40850000	0.6495961163186379	5.592576633972194	chr5	39600000	40800000	0.6864061026544322	3.6967357493776736
chr5	43650000	44900000	0.8015747534559559	3.694601653356124	chr5	43600000	44900000	0.7638455416617904	3.189297450711608
chr5	80600000	81550000	0.8535533905932737	1.9523335663696855	chr5	80600000	81600000	0.8333333333333333	8.787285528449557
chr5	88000000	88950000	1.0	3.7468501830980503	chr5	88000000	88950000	1.0	1.0321008431670242
chr5	94850000	96050000	0.8642766952966369	3.2085314477598623	chr5	94800000	96050000	0.7949244862985005	4.9659521521365635
chr5	96550000	97650000	0.926776695296637	0.0	chr5	96550000	97600000	0.9163162231961564	0.0
chr5	98350000	99750000	0.8601533972186464	0.0	chr5	98300000	99650000	1.0	0.0
chr5	105400000	107050000	0.8828781006914228	3.10936055940423	chr5	105550000	107050000	0.8847317714423459	0.8479969065549501
chr5	107800000	108850000	0.9023689270621824	3.140369670651527	chr5	107750000	108850000	1.0	3.701826258412055
chr5	112950000	113850000	0.408113883008419	0.18903382439001712	chr5	112950000	113850000	0.408113883008419	2.4776773275653072
chr5	120000000	121350000	0.7925616045307005	0.4905701304462014	chr5	120200000	121300000	0.9511844635310913	0.8875252707415875
chr5	122950000	123850000	1.0	0.0	chr5	122900000	124100000	0.9674563090207275	2.882643049361841
chr5	123850000	125200000	0.8873487619948259	3.4215599449018232	chr5	124100000	125150000	0.6194715560037098	0.0
chr5	125950000	126900000	0.7071067811865475	4.0971893872351135	chr5	125950000	126850000	0.9267766952966369	2.974345751819357
chr5	128300000	129200000	0.7414213562373095	2.424026282506098	chr5	128200000	129200000	0.8744743347942345	1.6855664416595617
chr5	129200000	130400000	1.0	1.4059923596758368	chr5	129200000	130400000	1.0	0.40053792958372886
chr5	132400000	133400000	0.8571428571428572	5.049848549450561	chr5	132350000	133400000	0.5452163600932556	5.544609026381933
chr5	143600000	145500000	0.806259715338854	0.8145504234618081	chr5	143600000	145550000	0.8065127495668606	0.9411063109464315
chr5	147100000	148100000	1.0	0.9657487717316889	chr5	147150000	148050000	0.9267766952966369	0.7577344592607782
chr5	159950000	162850000	0.7885997532444325	0.0	chr5	159950000	162850000	0.7885997532444325	0.0
chr5	164000000	165050000	0.9285714285714286	0.0	chr5	164050000	165150000	1.0	0.0
chr5	165050000	166400000	0.7485622917860578	0.0	chr5	165150000	166400000	0.6741933958271166	0.0
chr5	167650000	169000000	0.7775640720246149	2.532316959332765	chr5	168000000	168950000	1.0	1.5801454844233804
chr5	179000000	180050000	0.9511844635310911	5.61774905873974	chr5	179100000	180100000	1.0	4.929465549976642
chr6	1500000	2800000	0.7561093857666583	3.5391588111080314	chr6	1500000	2750000	0.6083674911155197	2.4781089491215225
chr6	3100000	4100000	0.7630915409285535	4.183378237891133	chr6	3150000	4100000	1.0	4.7047889849779585
chr6	4100000	5050000	0.5771601883432527	3.54452660079539	chr6	4100000	5050000	0.5771601883432527	4.1040570406567936
chr6	14150000	15600000	0.882842712474619	1.6158870739160567	chr6	14150000	15650000	1.0	2.9011082430145128
chr6	18650000	20100000	0.8117115021913519	0.007195501404203767	chr6	18550000	20050000	0.8352475644174331	2.145677455195635
chr6	20450000	21550000	0.9267766952966369	2.2448870591235344	chr6	20500000	21550000	0.921030513642851	1.4698859762744638
chr6	30400000	31500000	0.8535533905932736	6.068434354377929	chr6	30450000	31500000	0.8867295401695068	5.896323753336618
chr6	35300000	36550000	0.9467466874884631	6.065609517393697	chr6	35350000	36400000	0.8326324463923129	6.818077936065744
chr6	44400000	45300000	0.7071067811865475	0.017921907997262315	chr6	44300000	45350000	1.0	1.6266727526059934
chr6	47750000	48650000	0.6363961030678926	0.5509006646475233	chr6	47800000	48700000	0.7071067811865475	0.33913738491958556
chr6	50700000	52600000	0.7558812255030303	3.82827050171094	chr6	50700000	52050000	0.6941718773007142	0.0
chr6	62400000	63950000	0.8117044274970314	0.7092906357233578	chr6	62350000	63900000	0.8143632152532794	0.0
chr6	69350000	70350000	0.9163162231961565	0.0	chr6	69300000	70400000	0.8535533905932737	0.0
chr6	72850000	74000000	0.6569275828732759	0.05426966252812099	chr6	72850000	74050000	0.8015747534559559	0.9532652390148438
chr6	79600000	80700000	0.7951783947341315	2.591679416935737	chr6	79600000	80700000	0.7951783947341315	2.59191872937568
chr6	85050000	86400000	0.9040440114519881	5.030225708861599	chr6	85050000	86400000	0.9040440114519881	5.295906655297029
chr6	86400000	87700000	0.866866718721158	0.0036022366801955253	chr6	86400000	87700000	0.866866718721158	0.0
chr6	88550000	89600000	0.9023689270621824	0.014355292977070055	chr6	88600000	89600000	0.6035533905932737	0.0
chr6	89600000	90500000	1.0	2.361130309326542	chr6	89600000	90500000	1.0	1.9922740467190045
chr6	94200000	95750000	0.8642766952966369	0.0	chr6	94200000	95750000	0.8642766952966369	0.0
chr6	104900000	105900000	1.0	2.0104218054865113	chr6	105000000	105900000	0.9414213562373096	2.8653249906949343
chr6	107350000	108250000	0.7368033988749895	1.6177686458043976	chr6	107350000	108250000	0.7368033988749895	1.8555911077104519
chr6	109750000	110750000	0.6403925002046706	2.7582837927133768	chr6	109800000	110800000	0.9210305136428512	1.8528866494733187
chr6	119250000	121350000	0.7967215802985984	1.0426443374084935	chr6	119300000	121300000	0.7446756002724613	1.411426245726465
chr6	121650000	122700000	0.8744743347942348	5.849686574959165	chr6	121650000	122600000	1.0	5.563844528817574
chr6	128000000	129050000	1.0	2.6111723800440045	chr6	128000000	129050000	1.0	2.5496691707264905
chr6	134350000	135300000	0.9267766952966369	4.824004050933153	chr6	134400000	135300000	0.8383883476483185	6.714726335881169
chr6	142850000	143800000	0.8242640687119285	2.535057594894842	chr6	142850000	143800000	0.8242640687119285	2.6454711040372514
chr6	150250000	151150000	0.6666666666666667	2.1514877531856365	chr6	150250000	151150000	0.6666666666666667	1.8451315728605604
chr6	153400000	154400000	1.0	0.09985623683206658	chr6	153300000	154400000	0.590915854805811	1.7185260264622622
chr6	161850000	163550000	0.8760457649431328	0.0600473836699389	chr6	161900000	163100000	0.7654541440584456	0.0
chr6	164500000	165650000	0.9267766952966369	0.0	chr6	164500000	165700000	0.804737854124365	0.0
chr6	165650000	166650000	0.9581581115980783	0.1424134378737413	chr6	165700000	166650000	0.9	0.4032677223393011
chr7	15250000	16150000	0.8017766952966369	2.239550796613645	chr7	15200000	16150000	0.8017766952966369	0.007195501404203767
chr7	16700000	17750000	0.8535533905932737	1.595026184065854	chr7	16750000	17750000	0.882842712474619	1.2302030133664215
chr7	23700000	24700000	0.7955048484370857	1.5885647374013518	chr7	23700000	24700000	0.7955048484370857	1.3441183345214283
chr7	40850000	41900000	0.9023689270621824	3.9959367035045874	chr7	40850000	41850000	0.8744743347942345	5.439623137557117
chr7	47250000	50100000	0.7975961981503935	2.8770303095455225	chr7	48100000	50150000	0.8793030463535707	1.5430008774024255
chr7	66850000	68900000	0.7904816624495873	0.0	chr7	66850000	68550000	0.8855330513196457	0.0
chr7	68900000	70250000	0.7163495064760466	0.4646682670034442	chr7	69000000	70300000	0.6347952274029722	1.456806149230474
chr7	70250000	71200000	0.9414213562373095	0.0	chr7	70300000	71200000	0.6767766952966369	0.0
chr7	71200000	72400000	0.9281725989548082	2.127633279725874	chr7	71200000	72300000	0.8901650429449552	0.0
chr7	73950000	75050000	1.0	3.808671067001054	chr7	73850000	75000000	0.9581581115980782	4.135863165368679
chr7	75050000	76100000	0.9163162231961564	7.782553658422222	chr7	75000000	76100000	1.0	6.332607245764762
chr7	85500000	86400000	0.9414213562373096	0.0	chr7	85500000	86450000	0.882842712474619	0.007195501404203767
chr7	89700000	90700000	0.8629200163599829	3.0318068655723467	chr7	89700000	90700000	0.8629200163599829	2.8612937291684077
chr7	94000000	95450000	0.7015458410635051	3.4609063482072453	chr7	94050000	95500000	0.6663576750112743	2.849271452644816
chr7	97550000	98450000	1.0	4.549273110042013	chr7	97550000	98500000	0.9	3.3093702415565383
chr7	101050000	102150000	0.8744743347942348	4.717710690950173	chr7	101050000	102150000	0.8744743347942348	4.571563052197551
chr7	113300000	114350000	0.9023689270621826	0.1505596765753811	chr7	113350000	114400000	1.0	0.41953889151378454
chr7	117950000	118900000	0.804737854124365	0.0	chr7	117950000	118850000	0.8242640687119285	0.0
chr7	128750000	129750000	0.686886723926607	3.5052558009321633	chr7	128700000	129700000	0.8744743347942345	3.3190398155625362
chr7	142000000	142950000	0.782842712474619	2.8453466703995454	chr7	141950000	142850000	0.875	0.057213939143664794
chr7	142950000	144150000	0.8793570624858994	2.8641153792135	chr7	142850000	144100000	0.9166666666666666	3.3717162307669843
chr7	152600000	154100000	0.7948446513295127	0.0	chr7	152600000	154100000	0.7948446513295127	0.0
chr7	154600000	155550000	0.882842712474619	3.3355094577271713	chr7	154600000	155550000	0.882842712474619	1.7030268496877923
chr7	155550000	156550000	0.9581581115980782	0.8073549220576041	chr7	155550000	156650000	0.8571428571428571	0.5046203924035528
chr7	157200000	158350000	1.0	0.0	chr7	157250000	158350000	0.9581581115980783	0.0
chr8	2100000	3200000	0.9267766952966369	0.0	chr8	2100000	3150000	0.6775200981598978	0.0
chr8	3200000	6150000	0.7868340780961227	0.007195501404203767	chr8	3150000	6150000	0.6844458459122763	0.07724299893246035
chr8	8000000	9050000	1.0	2.533563348214512	chr8	8000000	9000000	0.790790557990391	2.6151808513152424
chr8	15650000	16550000	0.8535533905932737	1.4302852729777806	chr8	15550000	16600000	0.8242640687119284	0.6040713236688608
chr8	21850000	22900000	0.6683281572999747	4.442902038499025	chr8	21800000	22950000	0.8618033988749895	4.781551387545038
chr8	23350000	24250000	0.9267766952966369	1.9509349283145399	chr8	23250000	24250000	1.0	5.815024578979899
chr8	32450000	33450000	0.8326324463923129	2.844988156682612	chr8	32400000	33500000	0.7240762770085143	2.0898370901196204
chr8	36650000	37650000	0.9210305136428512	3.7888944791604415	chr8	36600000	37650000	0.9023182522881197	3.6925573859202006
chr8	48950000	49950000	1.0	0.21723071622066917	chr8	48850000	49950000	1.0	5.4387918525782615
chr8	55600000	56550000	1.0	0.0	chr8	55550000	56600000	1.0	0.0
chr8	57150000	58350000	0.9267766952966369	2.775050541483175	chr8	57100000	58250000	1.0	2.944483671148752
chr8	58350000	59450000	0.8791886252409293	1.1353159645121707	chr8	58250000	59450000	1.0	1.3886487747983154
chr8	64300000	65350000	1.0	0.0	chr8	64250000	65400000	0.9267766952966369	0.0
chr8	65350000	66500000	0.804737854124365	0.0	chr8	65400000	66500000	0.7955048484370857	0.06350294230615795
chr8	71650000	72650000	0.9414213562373096	0.0	chr8	71650000	72650000	0.9414213562373096	0.0
chr8	77250000	78400000	0.9210305136428512	2.36667191611176	chr8	77200000	78300000	0.8901650429449552	3.2172307162206693
chr8	87600000	88550000	0.8535533905932736	0.0	chr8	87600000	88600000	0.8535533905932736	0.0
chr8	96300000	97300000	0.7479422850033065	5.02768487693716	chr8	96300000	97250000	0.5892556509887895	4.236492618381303
chr8	97300000	98600000	0.7832225368060215	3.3015876466031866	chr8	97250000	98600000	0.8846153846153847	4.7119353569789215
chr8	107800000	108800000	0.9511844635310913	0.28095631383105635	chr8	107700000	108750000	0.8535533905932737	1.5147534984397535
chr8	108800000	109800000	0.8333333333333334	5.105751400738538	chr8	108750000	109800000	0.6242640687119285	5.090959258071985
chr8	127800000	128750000	0.9	5.0410019871675065	chr8	127800000	128750000	0.9	4.964860664245848
chr8	128750000	130000000	0.9090909090909091	0.0	chr8	128750000	130100000	0.9549395047979304	0.0
chr8	130850000	131800000	0.9414213562373096	4.35102755219611	chr8	130850000	131850000	0.8308640753373011	4.71918344048179
chr8	131800000	133100000	1.0	1.4982508675278254	chr8	131850000	133100000	1.0	1.8579809951275723
chr8	139700000	140600000	0.7071067811865475	0.0	chr8	139650000	140600000	0.8535533905932736	0.021479727410451396
chr8	140600000	141550000	0.5771601883432527	2.3798981635246927	chr8	140600000	141550000	0.5771601883432527	2.4918530963296748
chr8	142400000	143600000	0.95	2.212569338850806	chr8	142450000	143650000	0.9119007534651719	0.9272643857928009
chr9	1000000	1950000	0.9267766952966369	0.0	chr9	1050000	2000000	0.6031495069119116	0.0
chr9	1950000	2900000	1.0	3.5158575012579045	chr9	2000000	2900000	1.0	3.595294784005977
chr9	5750000	6800000	0.9414213562373096	2.885183866320351	chr9	5750000	6800000	0.9414213562373096	2.0464910601940334
chr9	15750000	17000000	0.9	2.3362833878644325	chr9	15700000	16950000	0.9	2.6507645591169022
chr9	26750000	27650000	0.7071067811865475	2.204940600753141	chr9	26750000	27700000	0.8535533905932737	1.9051797207671732
chr9	34600000	35700000	0.9163162231961564	4.739358707433395	chr9	34650000	35650000	0.9023689270621825	4.2415455420089145
chr9	81000000	81900000	1.0	0.0	chr9	80900000	81800000	1.0	5.296457407371244
chr9	81900000	82850000	0.8535533905932736	4.2471680003747725	chr9	81800000	83150000	0.8422882667927563	5.364747506022288
chr9	87000000	88400000	0.8286809980133187	1.1259816538547154	chr9	87050000	88350000	0.8779611588277281	0.014355292977070055
chr9	89000000	89900000	0.7071067811865475	0.03562390973072122	chr9	88950000	90000000	0.7373943511542176	2.0987339535853593
chr9	91150000	92050000	0.7071067811865475	5.188440488975161	chr9	91150000	92100000	0.7722854315746106	5.201111050857392
chr9	93650000	94800000	0.8901650429449552	1.270030516035844	chr9	93600000	94500000	0.8535533905932737	3.4721628035503684
chr9	96350000	97350000	0.7203067944372926	2.1315894843281353	chr9	96350000	97350000	0.7203067944372926	1.7420062108667365
chr9	98000000	99000000	0.7421086416009122	1.6920923754275725	chr9	97950000	99000000	0.8744743347942345	2.1342209397606333
chr9	107450000	108500000	0.9166666666666666	2.248433633442072	chr9	107450000	108450000	0.6894427190999916	1.9193400824420124
chr9	108500000	109400000	0.7071067811865475	0.0	chr9	108450000	109350000	0.7885800941716263	1.608809242675524
chr9	113050000	114150000	0.9163162231961564	0.6789733078541699	chr9	113050000	114300000	1.0	4.820543693814145
chr9	123250000	124200000	1.0	4.951168128838912	chr9	123300000	124200000	1.0	5.002102397642015
chr9	130850000	131850000	0.9511844635310913	5.147186964107852	chr9	130900000	131800000	1.0	4.871287240257495
chr9	139600000	140500000	0.8535533905932737	5.309982656324699	chr9	139300000	140500000	0.9674563090207275	4.730380403991313
chrX	1350000	2750000	0.8698954425671548	6.564384520230432	chrX	1450000	2750000	0.821603021222213	5.943420570193268
chrX	2750000	3800000	0.7071067811865475	2.5055734002820182	chrX	2750000	3900000	0.8373467368390075	2.2742616612570483
chrX	4450000	6850000	0.9459794516404596	0.014355292977070055	chrX	3900000	6850000	0.810138638658667	0.0
chrX	8750000	10100000	0.7057428132165271	2.748307877166433	chrX	8700000	10100000	0.8620851370143499	2.111657346263132
chrX	11750000	12850000	0.7071067811865475	3.781884234541486	chrX	11850000	12850000	0.7071067811865475	3.0622080775602454
chrX	15800000	16800000	0.7071067811865475	1.9531321797534267	chrX	15700000	16800000	0.7651650429449552	2.877130728765659
chrX	16800000	17800000	0.6699791832313204	3.7451297445954226	chrX	16800000	17800000	0.6699791832313204	4.277612870756686
chrX	25200000	26650000	0.7986359120657514	0.0	chrX	25300000	26350000	0.6481812160876684	0.0
chrX	26650000	27550000	0.9267766952966369	0.0	chrX	26350000	27400000	0.9023689270621824	0.0
chrX	27550000	28650000	0.9163162231961566	0.15704371014558005	chrX	27400000	28550000	0.8901650429449552	0.0024024902153046133
chrX	29100000	30100000	0.8535533905932737	0.0	chrX	29150000	30100000	0.8047378541243649	0.0
chrX	33450000	34350000	1.0	0.0	chrX	33450000	34450000	0.8047378541243649	0.0
chrX	35850000	36950000	0.7907905579903909	0.007195501404203767	chrX	35400000	36950000	0.9483129613858613	0.0
chrX	36950000	38450000	0.8901650429449552	3.3959591945572933	chrX	36950000	38400000	0.8161760458079523	2.5579614268931965
chrX	41650000	43300000	0.8681980515339464	2.282439805006387	chrX	41650000	43650000	0.7488823742250248	2.08831123588866
chrX	79850000	80750000	0.6421334847649001	3.667892125230234	chrX	79900000	80800000	1.0	4.515069014032239
chrX	80750000	83200000	0.7842603705954856	0.0	chrX	80800000	83100000	0.7670180079818171	0.0
chrX	88000000	93900000	0.3413159843492378	0.01910882294770474	chrX	87100000	95500000	0.20361218458016195	0.4931349223055049
chrX	96050000	97100000	0.8326324463923129	0.31614574229335635	chrX	96050000	96950000	0.8535533905932737	0.269033146455237
chrX	102250000	103550000	0.9755922317655457	4.348175752963772	chrX	102250000	103550000	0.9755922317655457	4.979119903338339
chrX	104300000	106000000	0.8468340232155204	0.18903382439001684	chrX	104350000	105550000	0.7535533905932738	0.1842802944193824
chrX	115050000	116900000	0.7191083235744387	0.0	chrX	115050000	116900000	0.7191083235744387	0.0
chrX	120250000	122650000	0.8790760482564989	0.02856915219677092	chrX	119900000	122250000	0.8223764602724182	0.03813512888677098
chrX	130850000	131800000	0.9511844635310913	1.1898245588800174	chrX	130900000	131900000	0.8496019422142796	1.1309308698264486
chrX	134950000	136200000	0.9545454545454546	3.1257750676095153	chrX	135000000	136200000	0.9259259259259258	3.637011220677506
chrX	150900000	152000000	0.9581581115980782	2.4197314948170394	chrX	150900000	152000000	0.9581581115980782	1.8575545197711958
chrX	152800000	153750000	0.6923867294477509	7.409472693439602	chrX	152750000	153850000	0.8059016994374948	6.929368324071935
