chr1	2750000	3700000	0.9414213562373096	2.826802684285827	chr1	2450000	3800000	0.8568290196912052	2.8110142646432
chr1	4050000	5500000	0.835247564417433	0.0	chr1	3800000	5400000	0.844938884157584	3.0673805780190597
chr1	11850000	12850000	0.7821248191647023	4.719850820105169	chr1	11900000	12850000	0.745812289025486	5.1993498405129595
chr1	30200000	31250000	0.8535533905932736	6.440661570655207	chr1	30150000	31250000	1.0	0.11103131238874395
chr1	35250000	36350000	1.0	4.926118056362375	chr1	35250000	36450000	0.7722854315746106	3.9312380898141193
chr1	36950000	37900000	0.9511844635310913	0.0	chr1	36950000	37900000	0.9511844635310913	0.0
chr1	38450000	39450000	0.8894427190999916	5.071247819461443	chr1	38450000	39400000	0.6421334847649001	3.528660613893897
chr1	49100000	50800000	0.8558610483575818	0.030336078370958728	chr1	49300000	50750000	0.8828427124746189	0.00480098626382128
chr1	50800000	51750000	0.6422588984322123	4.3027577156380366	chr1	50750000	51750000	0.921030513642851	3.4239814776165503
chr1	60300000	61350000	0.9023689270621824	1.8533303508579908	chr1	60350000	61300000	0.7071067811865475	0.025028794491522448
chr1	66200000	67150000	0.9023689270621824	0.05889368905356862	chr1	66200000	67150000	0.9023689270621824	3.374343989038501
chr1	76450000	77500000	0.8190355937288492	0.03562390973072122	chr1	76200000	77550000	0.8851100286299705	3.286881147788161
chr1	84300000	85350000	0.9511844635310911	4.4242876166325065	chr1	84300000	85650000	0.7934327749393864	3.4006430171782607
chr1	87600000	88550000	0.8242640687119285	4.850249358286328	chr1	87650000	88600000	0.8535533905932737	6.002927502063068
chr1	93300000	94400000	0.9023689270621824	4.983475026292749	chr1	93300000	94350000	0.8535533905932737	3.6105081388061295
chr1	97400000	98600000	0.8621320343559643	0.070389327891398	chr1	97350000	98400000	1.0	2.576522137920503
chr1	101900000	102900000	0.8744743347942345	0.014355292977070055	chr1	101950000	103100000	0.9023689270621824	0.0
chr1	114350000	115500000	0.9349126180414551	5.083652174447489	chr1	114400000	115500000	0.9375	3.93552260896479
chr1	153350000	154350000	0.8535533905932736	8.081051202062616	chr1	153350000	154250000	1.0	7.732362742858657
chr1	158150000	159100000	0.875	1.4233336878358316	chr1	158150000	159150000	0.9166666666666666	1.3562612122712279
chr1	163350000	164450000	0.8169417382415922	0.0	chr1	163400000	164350000	1.0	0.0
chr1	171350000	172650000	0.7973778282549667	4.458338253643027	chr1	171450000	172600000	0.801776695296637	3.0967678547146886
chr1	198750000	199750000	0.6479334151332481	0.0	chr1	198650000	199550000	0.8535533905932737	0.0
chr1	213350000	214350000	0.8744743347942345	0.07724299893246035	chr1	213300000	214350000	0.9414213562373096	0.021479727410451396
chr1	214850000	215800000	0.9023689270621824	4.787380222296338	chr1	214800000	215800000	0.7612038749637413	4.683696454306516
chr1	233450000	234450000	0.8744743347942348	2.661825593123208	chr1	233450000	234550000	1.0	1.7845039829295668
chr1	242200000	243150000	0.8055555555555556	0.0	chr1	242200000	243350000	0.6684163927288398	0.0
chr10	1850000	3150000	0.7858300914110545	4.976134472831655	chr10	1800000	3100000	0.7342645521815738	0.0
chr10	27650000	28750000	0.9285714285714286	2.861161365753398	chr10	27600000	28800000	0.7749859704614352	2.417650017160688
chr10	28750000	29850000	1.0	4.5932790644561425	chr10	28800000	29700000	0.882842712474619	3.179909090014935
chr10	37150000	38050000	0.7071067811865475	0.017921907997262315	chr10	37200000	38100000	0.7071067811865475	0.0
chr10	63050000	64150000	0.9163162231961564	0.20914139783859165	chr10	62950000	64050000	0.8535533905932736	2.9319193901000413
chr10	81150000	82050000	0.9267766952966369	3.236237477335295	chr10	81100000	82150000	0.9023689270621825	3.6987741089036827
chr10	86400000	87850000	0.8276650429449554	0.0	chr10	86400000	88150000	0.8973139127471974	0.014355292977070055
chr10	91600000	92600000	0.9414213562373096	0.0	chr10	91550000	92550000	1.0	0.0
chr10	95300000	96350000	1.0	2.730748629416213	chr10	95450000	96350000	0.8242640687119285	2.0398903850842074
chr10	100150000	101100000	0.882842712474619	3.2564445964734428	chr10	100250000	101150000	1.0	0.160274831408593
chr10	101100000	102100000	0.8744743347942345	3.9673991989246136	chr10	101150000	102050000	0.882842712474619	3.2512529740959035
chr10	112900000	113900000	0.6565991539589369	0.0	chr10	112900000	113900000	0.6565991539589369	0.0
chr10	114300000	115400000	0.8901650429449554	0.14077865578279594	chr10	114150000	115350000	0.8901650429449552	2.775313975253813
chr10	119050000	120100000	1.0	3.377123749129487	chr10	119150000	120150000	0.9166666666666667	2.5500797855124953
chr10	122600000	123750000	1.0	4.186817459357113	chr10	122600000	123550000	0.9023689270621824	3.289834465177509
chr10	127500000	128500000	1.0	4.348078942927202	chr10	127500000	128500000	1.0	3.7035806319379123
chr10	128900000	129950000	0.804737854124365	1.6663778820674593	chr10	128850000	129950000	0.8535533905932737	1.2529807411698708
chr10	132150000	133850000	0.9244863601130046	5.432541900388259	chr10	132000000	133750000	0.9755922317655455	2.459868732726655
chr11	10900000	11900000	1.0	2.8931194758359178	chr11	10850000	11850000	0.9076504843704677	2.749802401680049
chr11	13400000	14400000	0.8326324463923129	4.674121632632395	chr11	13500000	14500000	0.9511844635310913	4.484030687891928
chr11	18900000	19850000	0.9267766952966369	2.220845847980311	chr11	18950000	20200000	0.9166666666666666	1.5610642330237914
chr11	20700000	22250000	0.7006634229040065	0.1763227726404629	chr11	20700000	22200000	0.8124220368340521	0.0
chr11	28500000	29400000	0.9414213562373096	0.0	chr11	28200000	29450000	0.9231200342442277	0.0
chr11	31250000	32250000	0.8047378541243649	4.425929205208577	chr11	31100000	32300000	0.9349126180414551	4.504196631190082
chr11	35500000	36750000	0.8001913791725188	3.6068567361191994	chr11	35500000	36650000	1.0	3.8641861446542807
chr11	38900000	40300000	0.8190355937288492	0.0	chr11	38900000	40150000	0.8535533905932737	0.0
chr11	41400000	43350000	0.768482193850455	5.3518226445507	chr11	40650000	43300000	0.7950533509814846	0.03562390973072122
chr11	49050000	50000000	0.7071067811865475	0.0	chr11	49000000	49950000	0.9511844635310913	0.0
chr11	73600000	74500000	0.782842712474619	3.7576900187340017	chr11	73600000	74550000	0.875	3.0200724728502792
chr11	78350000	79300000	0.7357022603955158	0.0	chr11	78300000	79300000	0.6811095647094811	2.4737869116143676
chr11	81250000	82400000	0.9163162231961564	0.0	chr11	80950000	82400000	0.8592724864350674	0.0
chr11	105800000	107100000	0.9023689270621824	3.987661942027038	chr11	105900000	107200000	0.7338256468081642	2.438736416545251
chr11	110350000	111250000	0.7071067811865475	0.0	chr11	110300000	111250000	1.0	0.8237493603082728
chr11	112050000	113150000	0.7967216809816517	2.933572638261024	chr11	112050000	113100000	0.9511844635310911	3.1340155300584445
chr11	120150000	121050000	1.0	1.878585226388373	chr11	120150000	121050000	1.0	2.0217335219472816
chr11	123800000	124700000	1.0	1.5654996931661995	chr11	123600000	124550000	0.7071067811865475	1.071350804128843
chr11	127000000	128000000	0.8157378651666528	0.0	chr11	127000000	127950000	0.7722854315746106	0.0
chr12	5050000	6050000	0.9581581115980783	0.0	chr12	4950000	6100000	0.9008883476483185	2.564683016963639
chr12	18350000	19800000	0.8721658548058111	1.8402953712780576	chr12	18300000	19450000	0.9674563090207275	0.6535186707535996
chr12	26900000	27850000	0.7722854315746106	4.177229250070092	chr12	26950000	27900000	0.7967578214722151	3.195150710564713
chr12	33000000	34150000	0.8901650429449552	1.8529975876133165	chr12	32950000	34200000	0.7209055542666047	0.7612852733616191
chr12	41350000	42400000	0.9414213562373096	0.0	chr12	41200000	42400000	0.8535533905932737	0.007195501404203767
chr12	44350000	45450000	0.875	0.2630344058337938	chr12	44350000	45450000	0.875	0.09085343045111348
chr12	52450000	53400000	0.9414213562373096	5.236208668253177	chr12	52450000	53400000	0.9414213562373096	3.881775120464228
chr12	54000000	54900000	0.8242640687119285	6.771193752021379	chr12	54000000	54900000	0.8242640687119285	5.49477733803918
chr12	58300000	59550000	0.8454653676892976	3.6166713604484944	chr12	58250000	59650000	0.7850133987732651	2.848330825093853
chr12	60950000	62550000	0.7533530788939349	0.0	chr12	60950000	62600000	0.7628959657224434	0.0
chr12	70200000	71150000	0.882842712474619	4.058208246103555	chr12	70150000	71150000	1.0	3.1628545281905103
chr12	77450000	78400000	0.8047378541243649	1.4948422539141026	chr12	77450000	78400000	0.8047378541243649	2.852331830775988
chr12	78400000	80050000	0.8647347945754028	0.06350294230615795	chr12	78400000	79750000	0.9755922317655457	1.375734538583156
chr12	82850000	83900000	1.0	0.5410191531335593	chr12	82750000	84150000	0.9549395047979304	2.294253136444514
chr12	97500000	98800000	0.9733733437442318	0.0	chr12	97550000	98800000	0.9201200312326948	0.0
chr12	120650000	121800000	0.8535533905932737	5.959726692905108	chr12	120600000	121750000	0.8372815451036374	7.5264059405865575
chr12	131250000	132550000	0.8894427190999916	7.689404003749549	chr12	131150000	132250000	0.6767766952966369	6.350977055344831
chr13	36450000	37650000	1.0	4.153056985561233	chr13	36500000	37500000	0.8590533961144176	1.903231130890004
chr13	38200000	39450000	0.9414213562373095	3.8121559083214254	chr13	38250000	39500000	1.0	3.368302738293688
chr13	40300000	41350000	1.0	3.1377767355755575	chr13	40300000	41400000	0.8535533905932737	2.1529946054924354
chr13	41850000	42950000	0.9023689270621826	3.37253426857815	chr13	41400000	42900000	0.8761427759411714	2.5161412511985697
chr13	46100000	47000000	1.0	4.496380170490739	chr13	46050000	46950000	1.0	0.7830075664061418
chr13	47400000	48500000	0.8077600538123579	0.0	chr13	47400000	48550000	0.6268860096340382	0.007195501404203767
chr13	50500000	51750000	0.95	3.9422016920160527	chr13	50600000	51850000	1.0	1.8052924556007115
chr13	61050000	62650000	0.9383382697234837	0.0	chr13	61050000	62500000	0.926776695296637	0.0
chr13	73250000	74350000	0.9023689270621825	3.820485342986379	chr13	73250000	74300000	1.0	2.5268200197245965
chr13	75900000	77550000	0.8792995425742812	4.334394608990793	chr13	75900000	77100000	0.8371320343559643	5.576522137920503
chr13	78750000	79800000	0.9023689270621825	2.607034345948616	chr13	78800000	79900000	0.9267766952966369	1.1342209397606335
chr13	81550000	82950000	0.9581581115980783	0.0	chr13	81650000	82950000	0.9545454545454546	0.0
chr13	82950000	83850000	0.7071067811865475	0.0	chr13	82950000	84150000	0.6363961030678927	0.0
chr13	83850000	85400000	0.8621678970289637	0.02856915219677092	chr13	84150000	85400000	0.9121320343559642	0.04963076772460043
chr13	85400000	86550000	0.86982523608291	0.0	chr13	85400000	86500000	1.0	0.5704629310260411
chr13	88000000	90400000	0.7830148980154357	0.0	chr13	88050000	89800000	0.8205145564329872	0.12432813500220179
chr13	93850000	95050000	0.7261704339925263	0.007195501404203767	chr13	93800000	95100000	0.7190995092366185	2.9754467656409624
chr13	100200000	101250000	0.9414213562373095	1.7748397598273262	chr13	100250000	101250000	1.0	1.1190241031422743
chr13	102650000	103550000	0.5324388287932569	3.5155246369915942	chr13	102600000	103550000	0.819035593728849	2.7221016615342157
chr13	103550000	104500000	1.0	0.0	chr13	103550000	104450000	1.0	0.0
chr13	107750000	108800000	1.0	0.6915341649192002	chr13	107800000	108850000	0.9511844635310913	2.1325768426700082
chr13	110850000	112200000	0.9467466874884632	4.406536670205172	chr13	111200000	112150000	1.0	3.896211291162986
chr14	27550000	29150000	0.7673127146918555	0.0	chr14	27500000	29100000	0.8118221685504605	0.0
chr14	30750000	31900000	0.8157378651666527	5.372305405987426	chr14	30950000	31900000	0.6102934096799205	3.639893646544171
chr14	33000000	34200000	0.8169417382415922	0.021479727410451396	chr14	33050000	34250000	0.8169417382415922	0.0
chr14	38350000	39450000	0.8169417382415921	0.0	chr14	38350000	39450000	0.8169417382415921	2.165107985144536
chr14	39950000	42150000	0.8108991897449611	0.09761079662642234	chr14	40000000	42000000	0.8044719187013452	0.0
chr14	53800000	54800000	0.9023689270621824	0.0	chr14	53750000	54850000	0.9163162231961564	1.7376867614098603
chr14	62400000	63750000	0.7929723656440777	0.2285621885766544	chr14	62600000	63750000	1.0	3.7306399559167915
chr14	65500000	66600000	0.7357022603955158	3.996539395958633	chr14	65500000	66750000	0.8506061709578836	3.996238081203801
chr14	66600000	67700000	0.5365506212675669	2.0916998341368105	chr14	66750000	67750000	0.9581581115980783	2.4978252309881133
chr14	68300000	69350000	0.532460081867731	2.493134922305505	chr14	68250000	69350000	0.9999999999999999	4.681636664813941
chr14	70050000	71500000	0.7219550900307686	4.209933184388137	chr14	70150000	71450000	0.9511844635310913	4.026431225124426
chr14	99800000	100750000	0.9023689270621824	3.328246068799014	chr14	99850000	100750000	0.8242640687119285	3.321687625674223
chr15	22600000	23700000	0.7630915409285535	3.93451650158608	chr15	22650000	23600000	0.7845177968644245	3.1161359902062746
chr15	27100000	28350000	0.8080988451387283	1.249445341085839	chr15	27150000	28400000	0.8767766952966368	0.1309308698264487
chr15	40700000	41650000	0.7112944921610614	4.471010054401368	chr15	40750000	41650000	0.9	3.50519529788997
chr15	47450000	48600000	0.9581581115980783	0.021479727410451396	chr15	47400000	48600000	0.9444444444444444	1.5105400169375136
chr15	53100000	54150000	0.9581581115980783	0.0	chr15	53100000	54150000	0.9581581115980783	0.0
chr15	54150000	55450000	0.8558375965793723	0.0	chr15	54150000	55450000	0.8558375965793723	0.0
chr15	55800000	56750000	0.7083333333333333	1.9945797242157473	chr15	55450000	56700000	0.7931421539647794	2.662619829076593
chr15	70950000	72500000	0.9382142591895813	1.0052003482154066	chr15	70950000	72050000	1.0	5.065048064728305
chr15	78000000	79100000	0.8642766952966369	5.515758963918398	chr15	78000000	79050000	0.7181067922288351	3.5937272455845957
chr15	86400000	87850000	0.8769546917791003	0.0	chr15	86400000	88100000	0.8786039432791353	0.0
chr15	91600000	92600000	0.7722854315746106	0.02856915219677092	chr15	91550000	92650000	1.0	2.5310694927259543
chr15	93600000	95150000	0.9186407725518188	0.0024024902153046133	chr15	93550000	95000000	0.7888325214724775	1.1816326610081138
chr16	2000000	3100000	0.7525381361380528	6.4820047325093	chr16	1950000	3100000	0.8468133715066269	6.699178925306004
chr16	9300000	10250000	0.8157378651666526	0.0	chr16	9300000	10400000	0.9023689270621824	0.0
chr16	13950000	14850000	0.882842712474619	3.5403993056306238	chr16	13900000	14850000	0.6380711874576983	2.6913945785380853
chr16	21450000	22550000	0.9581581115980782	5.5976375825735785	chr16	21500000	22500000	0.8666666666666668	4.368660913781733
chr16	22550000	23600000	0.7612038749637413	4.565025894432488	chr16	22500000	23600000	0.8901650429449554	3.776235614827591
chr16	50950000	52050000	0.9581581115980783	0.0	chr16	50900000	52150000	0.844614885798496	1.3219280948873624
chr16	68400000	69300000	0.75	4.501343599277127	chr16	68350000	69250000	1.0	3.702602139291713
chr16	73400000	74350000	0.9414213562373096	6.982309130129774	chr16	73350000	74350000	0.8535533905932736	5.889351852594646
chr17	4450000	5350000	0.882842712474619	4.578102000580262	chr17	4500000	5400000	1.0	5.703299921669047
chr17	5350000	6400000	0.8894427190999916	5.338535839595811	chr17	5400000	6400000	0.9023689270621824	5.920561279271022
chr17	10650000	12000000	0.9201200312326949	1.9568001180515768	chr17	10700000	11950000	0.8105777222858805	1.6530600171045648
chr17	12000000	13050000	0.7912578159510714	4.040161841153955	chr17	11950000	13000000	0.9511844635310911	4.170859778657061
chr17	44100000	45050000	0.8242640687119285	4.431088033848473	chr17	44050000	45100000	0.9166666666666666	3.434461432441338
chr17	60500000	61900000	0.9076504843704676	4.571426977196821	chr17	60550000	61850000	0.9339255650988789	4.238432036986235
chr17	63200000	64150000	0.782842712474619	0.3923174227787603	chr17	63200000	64150000	0.782842712474619	0.39780296186248987
chr17	72850000	73800000	0.5511708697745937	5.637171353245209	chr17	72850000	73800000	0.5511708697745937	5.2595469012477585
chr18	4000000	5050000	0.6402734644166456	0.14404636961670686	chr18	4150000	5150000	1.0	0.04963076772460043
chr18	7150000	8500000	1.0	0.023846741954367666	chr18	7100000	8550000	0.960947570824873	3.1967250607860276
chr18	33500000	34400000	0.7203067944372926	5.636213744357577	chr18	33550000	34450000	1.0	5.075693064310796
chr18	34950000	37300000	0.8946274241838504	0.03562390973072122	chr18	35200000	37500000	0.9098972802915543	0.0
chr18	39550000	41150000	0.9075074045852255	0.0	chr18	39600000	41100000	0.8556158926637027	0.0
chr18	41150000	42100000	0.8535533905932736	0.0	chr18	41100000	42050000	0.6481812160876684	0.0
chr18	42100000	43050000	0.8157378651666526	0.04264433740849372	chr18	42050000	43100000	1.0	0.08065766334522519
chr18	54300000	55200000	0.7071067811865475	3.407624675566609	chr18	54350000	55250000	1.0	0.00480098626382128
chr18	61700000	64150000	0.8199417298436273	0.0	chr18	61750000	64800000	0.7241549784166315	0.0
chr18	64850000	66400000	0.8827270720292228	3.2672860888442448	chr18	64800000	66450000	0.8744743347942345	3.0158424542683173
chr18	68200000	70350000	0.8484909417526749	0.009586048829197932	chr18	68250000	70300000	0.8219697879992816	0.0
chr18	75450000	76700000	0.8964933779884593	0.0	chr18	75600000	77000000	0.8878600313905421	2.1268077031420347
chr19	4650000	5650000	0.7702200572599404	4.119620272158975	chr19	4700000	5750000	0.9511844635310913	5.874698619326427
chr19	11650000	12900000	0.8535533905932736	3.669983424625032	chr19	11750000	12900000	0.8744743347942348	4.200341343244313
chr19	12900000	13900000	0.8860379610028064	5.59411785402711	chr19	12900000	13900000	0.8860379610028064	6.475770838304443
chr19	36600000	37850000	0.7257043183120632	4.048210347341362	chr19	36650000	38300000	0.8888993313961058	1.7019648391758992
chr19	43050000	43950000	0.8333333333333334	0.009756650738093136	chr19	43000000	44150000	0.7071067811865475	4.027786936363546
chr19	44200000	45100000	1.0	2.1614536306130967	chr19	44150000	45100000	0.8535533905932737	3.2790860412775866
chr19	50600000	51650000	0.9414213562373095	2.7251825136931425	chr19	50400000	51500000	0.6495961163186379	3.526322641926858
chr2	3850000	4850000	0.7071067811865475	0.0	chr2	3800000	4900000	0.8169417382415922	0.0
chr2	10850000	11850000	0.8571428571428571	4.561784353081841	chr2	10800000	11850000	0.9023689270621825	4.358201477186475
chr2	11850000	13200000	0.7031167648604726	4.2861418728343015	chr2	11850000	13200000	0.7031167648604726	2.9634741239748865
chr2	18550000	20000000	0.8592216809816517	2.4042900644448366	chr2	18550000	19600000	0.9023689270621824	3.3605398616518096
chr2	27900000	28800000	0.8535533905932737	3.3719570671524126	chr2	27800000	28700000	1.0	3.915006007163695
chr2	30950000	31950000	0.8414213562373096	0.014355292977070055	chr2	30950000	31900000	1.0	2.3715588626119635
chr2	32750000	33800000	0.9023689270621824	4.2731428593080825	chr2	32750000	33850000	1.0	6.008568682751326
chr2	33800000	35700000	0.8743813787781216	6.200849574637213	chr2	34350000	35850000	0.7689563036811942	0.0
chr2	54050000	55000000	1.0	3.4891432734009156	chr2	54100000	55000000	1.0	3.2045059362200443
chr2	56400000	57900000	0.8680679560328757	0.0	chr2	56400000	57900000	0.8680679560328757	0.8519988371124463
chr2	74850000	75900000	0.7706324558571308	4.026800059343715	chr2	74750000	75950000	0.8576783947341317	3.9687996931115554
chr2	75900000	76900000	0.8744743347942345	4.520422248526446	chr2	75950000	76950000	0.7659181654104361	0.0
chr2	100150000	101050000	0.8535533905932737	2.612647377658316	chr2	100050000	101050000	1.0	2.2714256760929348
chr2	102550000	103500000	1.0	1.3479490656017323	chr2	102500000	103500000	0.6495961163186379	1.4329594072761058
chr2	109450000	110450000	0.9023689270621825	0.0	chr2	109450000	110450000	0.9023689270621825	3.405481881977208
chr2	111400000	112500000	0.8496019422142796	5.796839982447619	chr2	111400000	112550000	0.82106674238245	2.362703656074854
chr2	114800000	118700000	0.6207319580663674	5.71699089440494	chr2	115600000	118550000	0.7343440649732172	0.0
chr2	118700000	119700000	1.0	3.326609251005271	chr2	118550000	119700000	0.8535533905932737	2.812498225333564
chr2	123150000	124750000	0.8047378541243649	0.0	chr2	123250000	124700000	0.705262771943017	0.0
chr2	137200000	138600000	0.8714174711343223	0.0	chr2	137250000	138550000	0.9201200312326948	0.0
chr2	138600000	139600000	0.8678511301977578	2.0367963559885767	chr2	138550000	139650000	0.8571428571428572	1.6743099863164383
chr2	143850000	145200000	0.807487856884937	3.0669502439246266	chr2	143900000	145300000	0.8686971755771088	3.5837597536394994
chr2	147450000	148650000	0.5853556265392366	0.7990873060740036	chr2	147500000	148650000	1.0	1.0531113364595626
chr2	150450000	151400000	0.9023689270621826	0.11769504266975458	chr2	150450000	151350000	0.9414213562373096	0.0
chr2	153600000	154500000	0.9267766952966369	0.0	chr2	153650000	154550000	0.8242640687119284	0.007195501404203767
chr2	154500000	156200000	0.9482466889942298	0.0	chr2	154550000	156100000	0.9502541398050885	0.007195501404203767
chr2	160800000	161950000	0.934912618041455	0.07267750448666825	chr2	160900000	162100000	0.7907771946788966	3.531849285751203
chr2	179550000	180900000	0.9090909090909092	1.713695814843359	chr2	179500000	180900000	0.916477966336392	1.4636224568518934
chr2	180900000	181950000	0.9023689270621826	6.4198759304221955	chr2	180900000	181900000	0.844887651767585	5.965322548367255
chr2	193750000	196150000	0.8776294070345734	0.0	chr2	193200000	196100000	0.775664227395028	0.0
chr2	203200000	204300000	0.9	4.731590571594451	chr2	203250000	204150000	0.8242640687119285	2.005699395244108
chr2	205650000	206700000	1.0	0.0	chr2	205700000	206900000	0.8535533905932737	4.92765946070309
chr2	206700000	208400000	0.814998231678757	6.117279460053922	chr2	206900000	208450000	0.9078689325833262	5.470223974428684
chr2	209150000	210100000	0.9023689270621824	2.161887682376894	chr2	209200000	210150000	0.9511844635310913	0.0
chr2	230550000	231750000	0.8378266793910978	4.296016822533223	chr2	230600000	231800000	0.6349978387184807	4.907264579178899
chr20	1450000	2700000	0.825534566276342	5.511947944954148	chr20	1550000	2500000	0.7	4.202613620148487
chr20	10700000	11600000	0.48688672392660703	0.0	chr20	10450000	11550000	1.0	1.7430840555495861
chr20	18300000	19700000	0.921030513642851	3.3448284969974416	chr20	18450000	19600000	0.684443071452822	3.652390885716971
chr20	36150000	37050000	0.9023689270621825	3.8648299507007526	chr20	36150000	37150000	0.783950530002834	4.631342436003454
chr20	40450000	42000000	0.8630852169962633	0.0	chr20	40350000	42050000	0.8852326838446487	0.0
chr20	43450000	44550000	0.7955048484370858	3.168356777022885	chr20	43500000	44500000	0.6242640687119285	3.919495023192464
chr20	47750000	48650000	0.6035533905932737	3.7961304843953503	chr20	47750000	48650000	0.6035533905932737	3.618238655595455
chr20	58200000	59800000	0.9011221233452444	1.4038130616165898	chr20	58400000	59800000	0.8873487619948259	0.7510351766678621
chr21	23950000	24950000	0.9023689270621825	0.0	chr21	24250000	25250000	0.9511844635310913	0.0
chr21	25950000	26850000	1.0	0.0	chr21	25950000	26950000	0.9581581115980783	0.0
chr21	28150000	29150000	0.7071067811865475	0.0036022366801955253	chr21	28150000	29050000	0.7071067811865475	6.638508318449141
chr21	31350000	32450000	0.7821248191647022	0.0	chr21	31400000	32400000	0.9511844635310913	0.0
chr21	34950000	36100000	0.9047619047619048	6.118837277979703	chr21	34900000	36100000	0.8654320376686505	4.2718255099576465
chr21	37450000	38400000	0.9023689270621824	3.1098619884914385	chr21	37500000	38450000	0.8121320343559641	3.376239860844326
chr21	40900000	42500000	0.7655758708430733	0.0	chr21	40700000	42450000	0.9201200312326946	3.790598292448303
chr22	21250000	22350000	0.8901650429449554	6.07683502715623	chr22	21150000	22300000	1.0	3.750070485865693
chr22	26800000	27800000	0.8373467368390075	4.641835001555368	chr22	26850000	27750000	1.0	3.8362607985039814
chr22	29700000	30600000	1.0	4.5346308251710115	chr22	29750000	30750000	0.9163162231961564	4.994868817529897
chr22	30600000	31800000	0.7701856083110132	3.181801291612125	chr22	30750000	31750000	0.782842712474619	4.2323508156041285
chr22	35600000	36850000	0.664902910955215	3.5609594583375994	chr22	35650000	36850000	1.0	5.085183847045264
chr22	39850000	40750000	1.0	6.224435864887332	chr22	39850000	40750000	1.0	5.9816814372315195
chr22	42000000	43000000	0.7093984093381442	4.854304430495097	chr22	41950000	43000000	1.0	4.478015129332522
chr3	3250000	4300000	0.8707106781186548	0.0	chr3	3250000	4250000	1.0	0.32192809488736235
chr3	8550000	9450000	0.8535533905932737	4.942480992870084	chr3	8300000	9400000	0.7036492638549278	3.5944291162094286
chr3	18500000	19900000	0.6989667075666242	0.014355292977070055	chr3	18550000	19900000	0.6628010873055767	0.0
chr3	20300000	21800000	0.90456892927064	0.0	chr3	20350000	21450000	0.6152609162066093	0.0
chr3	25950000	27200000	0.7758608334925218	0.16349873228287956	chr3	25650000	27150000	0.8759842209099724	3.028745942227124
chr3	28500000	30050000	0.9186733684195038	0.0	chr3	28500000	30050000	0.9186733684195038	3.420886574975531
chr3	33900000	36000000	0.8095971549708384	0.0	chr3	34350000	36000000	0.8884216309282086	0.0
chr3	38550000	39450000	0.7885800941716263	8.426858765529365	chr3	38500000	39500000	0.7002667531989906	7.113882382302137
chr3	50300000	51450000	0.7506504832081076	4.053958453770161	chr3	50300000	51450000	0.7506504832081076	4.359977914066882
chr3	66950000	67850000	0.8333333333333334	3.760487101811031	chr3	67000000	67950000	0.7777777777777777	3.12391445900198
chr3	67850000	69000000	0.7071067811865475	0.0	chr3	67950000	69000000	0.6481812160876685	0.021479727410451396
chr3	73650000	75200000	0.8813380883195704	0.0	chr3	74000000	75200000	0.8734919064303392	1.4276061727818994
chr3	75750000	76950000	0.8767766952966368	3.4498914730109442	chr3	75750000	76800000	0.7591166993708715	2.3603642765434705
chr3	79550000	80500000	0.9414213562373096	0.2750070474998698	chr3	79600000	80550000	0.7071067811865475	4.03826057517535
chr3	88250000	89150000	0.9267766952966369	0.0	chr3	88200000	89200000	1.0	3.931919390100041
chr3	100550000	101450000	0.7071067811865475	7.335569005556749	chr3	100400000	101400000	0.6204757192910175	4.2723498493230325
chr3	105250000	106200000	1.0	2.7676547982373467	chr3	105200000	106300000	0.8475683661041614	2.8021932169418253
chr3	115550000	116500000	1.0	0.0	chr3	115600000	116500000	1.0	0.0
chr3	122050000	123350000	0.8333333333333333	4.190246106796641	chr3	122100000	123350000	1.0	3.2982184024521297
chr3	123350000	124350000	0.8047378541243649	4.747924416238441	chr3	123350000	124450000	1.0	5.728110986609214
chr3	124350000	125400000	1.0	3.5773532922865816	chr3	124450000	125350000	0.882842712474619	3.970220956415471
chr3	125400000	126300000	0.882842712474619	1.7394160934010288	chr3	125350000	126250000	0.7071067811865475	2.26136365284928
chr3	133200000	134350000	0.9163162231961566	4.533303772647341	chr3	133450000	134350000	1.0	4.467898949746597
chr3	135700000	136800000	0.9023689270621824	4.805550425210856	chr3	135700000	136800000	0.9023689270621824	3.2620321862444173
chr3	136800000	137700000	0.8242640687119285	0.0	chr3	136800000	137700000	0.8242640687119285	0.0
chr3	160300000	161200000	0.5771601883432527	4.199986366721674	chr3	160250000	161250000	0.7536629600351641	2.349890945313962
chr3	161200000	162750000	0.9999999999999999	0.0	chr3	161250000	162800000	0.9674563090207274	0.0
chr3	162750000	164900000	0.8408394474068873	0.0	chr3	162800000	164900000	0.827231281283553	0.0
chr3	179450000	180350000	1.0	4.441616269406558	chr3	179450000	180400000	0.5722854315746106	2.444269502413482
chr4	1750000	2650000	0.8535533905932737	3.918386234446348	chr4	1800000	3000000	0.7938505434181141	4.574252916500179
chr4	12700000	13650000	0.8242640687119285	3.7662417765368383	chr4	12700000	13600000	1.0	2.0027025203798234
chr4	16400000	17450000	0.9163162231961565	0.02856915219677092	chr4	16400000	17500000	0.8901650429449554	5.262658655072225
chr4	17450000	18650000	0.8238015069303439	5.056502244429887	chr4	17500000	18650000	1.0	3.349966746971192
chr4	19200000	20300000	0.656599153958937	2.070389327891398	chr4	19200000	20350000	0.8169417382415922	3.208673319629472
chr4	20800000	21750000	0.6637912502387825	0.0	chr4	20750000	21650000	0.7071067811865475	0.0
chr4	24400000	25400000	0.882842712474619	5.061236165747747	chr4	24450000	25350000	0.7071067811865475	3.4819262564243836
chr4	32400000	34550000	0.7595900458421758	0.0	chr4	32450000	34550000	0.7446452995440208	0.0
chr4	65500000	68250000	0.7001848328825352	0.021479727410451396	chr4	65500000	67650000	0.74627865354949	0.056583528366367514
chr4	68250000	69250000	0.7357022603955158	4.066605884204436	chr4	68250000	69200000	0.8242640687119285	1.6652411557781408
chr4	73950000	75050000	0.9008883476483185	2.8453645937469494	chr4	74000000	75100000	0.8535533905932737	1.3310960837593278
chr4	79850000	80850000	0.782842712474619	4.658973100845707	chr4	79900000	81250000	0.916477966336392	4.00513046785373
chr4	82250000	83200000	0.8707106781186549	0.5704629310260411	chr4	82300000	83250000	0.819035593728849	0.07724299893246035
chr4	96500000	99000000	0.7236431508462899	0.0	chr4	97250000	99000000	0.8190355937288489	0.0
chr4	99000000	100000000	0.8571428571428572	5.234961094839504	chr4	99000000	99950000	0.824535599249993	4.683191141878241
chr4	100950000	101850000	0.7071067811865475	0.0036022366801955253	chr4	100950000	101850000	0.7071067811865475	0.8499992594660976
chr4	112950000	114200000	0.8934933749769263	3.0920171075407694	chr4	112950000	114150000	0.765685424949238	1.6976626334705183
chr4	125250000	126200000	0.8242640687119284	2.4828482830684653	chr4	125200000	126200000	0.8047378541243649	2.422233000683048
chr4	129100000	130250000	0.9267766952966369	4.2393598502774665	chr4	129000000	130200000	0.8901650429449552	3.206721357430889
chr4	134000000	135500000	0.8722604191027171	0.4436066514756146	chr4	133950000	135050000	0.8535533905932737	1.1921941652833452
chr4	137850000	138950000	0.9267766952966369	0.04264433740849372	chr4	137950000	139000000	1.0	4.631686366311998
chr4	138950000	139900000	0.7203067944372926	3.693208148910016	chr4	139000000	139900000	1.0	2.3603642765434705
chr4	143100000	144000000	0.7071067811865475	0.0	chr4	143050000	144000000	0.9511844635310911	1.063502942306158
chr4	145100000	146000000	0.875	0.0	chr4	145000000	146000000	0.7612038749637413	1.4524197212819239
chr4	151050000	152000000	1.0	3.9606970393043124	chr4	150850000	151950000	1.0	2.8553253201192637
chr4	156850000	158050000	0.8383883476483185	0.0036022366801955253	chr4	156850000	158150000	0.9633883476483185	1.973060172804084
chr4	160400000	162100000	0.9068067031048105	0.0	chr4	160450000	162250000	0.8522708028904398	0.0
chr5	5450000	6800000	0.9231200342442276	4.863888906474349	chr5	5550000	6850000	0.8853553390593274	4.349365277594214
chr5	6800000	7850000	1.0	0.021479727410451396	chr5	6850000	7800000	1.0	0.0
chr5	7850000	9300000	0.8557227287803569	4.7655347463629765	chr5	7800000	9250000	0.839479404674945	3.1895610288690754
chr5	15100000	16250000	0.8901650429449552	0.0	chr5	15150000	16100000	0.9511844635310913	3.0967678547146886
chr5	18400000	19650000	0.674735211786625	0.0	chr5	18450000	19600000	0.6843592167691145	0.0
chr5	19650000	21750000	0.7827258400274292	0.6415460290875238	chr5	19600000	21300000	0.8522961115635938	0.20789285164133287
chr5	35050000	35950000	0.9267766952966369	0.05380644369579382	chr5	35000000	36050000	0.9023689270621826	2.0671961648390362
chr5	39600000	40900000	0.9121320343559642	9.817226717680612	chr5	39600000	40800000	0.6864061026544322	3.6967357493776736
chr5	41750000	42900000	0.9267766952966369	4.111170454505927	chr5	41950000	42850000	0.7071067811865475	0.4329594072761063
chr5	43650000	44900000	0.8015747534559559	5.353587949195417	chr5	43600000	44900000	0.7638455416617904	3.189297450711608
chr5	68950000	70000000	1.0	5.233427943748471	chr5	69000000	70100000	0.4472135954999579	4.274075254506883
chr5	70000000	71600000	0.9692896441944421	4.237783577955205	chr5	70100000	71600000	0.7994255354210569	3.1544130851749665
chr5	80650000	81600000	0.8894427190999916	9.442217820176026	chr5	80600000	81600000	0.8333333333333333	8.787285528449557
chr5	88000000	89000000	0.9163162231961566	4.792334805706693	chr5	88000000	88950000	1.0	1.0321008431670242
chr5	94750000	95950000	0.8771585767777684	5.006502045090715	chr5	94800000	96050000	0.7949244862985005	4.9659521521365635
chr5	98400000	99700000	0.8024328425699517	0.0	chr5	98300000	99650000	1.0	0.0
chr5	104100000	105550000	0.8535533905932737	0.0	chr5	104150000	105550000	0.790790557990391	0.0
chr5	105550000	107050000	0.8847317714423459	0.09761079662642234	chr5	105550000	107050000	0.8847317714423459	0.8479969065549501
chr5	107750000	109300000	0.873159258918959	4.387758869061035	chr5	107750000	108850000	1.0	3.701826258412055
chr5	118900000	120050000	0.8901650429449552	0.19219416528334513	chr5	119200000	120200000	0.8535533905932736	4.948834425578686
chr5	120050000	121400000	0.8057595180117629	2.1101961777541995	chr5	120200000	121300000	0.9511844635310913	0.8875252707415875
chr5	125650000	126850000	0.7632074710295633	4.279285560846542	chr5	125950000	126850000	0.9267766952966369	2.974345751819357
chr5	129150000	130400000	0.9707106781186547	0.03562390973072122	chr5	129200000	130400000	1.0	0.40053792958372886
chr5	132400000	133400000	0.8571428571428572	5.729598086209189	chr5	132350000	133400000	0.5452163600932556	5.544609026381933
chr5	143550000	145900000	0.8832216630926708	4.695892610413293	chr5	143600000	145550000	0.8065127495668606	0.9411063109464315
chr5	151900000	152800000	0.8535533905932737	0.0	chr5	151800000	152700000	0.7071067811865475	0.0
chr5	154450000	155400000	0.7071067811865475	0.0	chr5	154350000	155250000	0.7368033988749895	0.02856915219677092
chr5	155400000	156550000	0.8378266793910978	0.07382023329167138	chr5	155250000	156600000	0.9124174736825426	1.101457985681943
chr5	164000000	165000000	0.8326324463923127	0.0	chr5	164050000	165150000	1.0	0.0
chr5	167650000	169000000	0.7775640720246149	4.6937099655827605	chr5	168000000	168950000	1.0	1.5801454844233804
chr5	179100000	180100000	1.0	5.8282713833639095	chr5	179100000	180100000	1.0	4.929465549976642
chr6	1500000	2700000	0.827468177277773	1.8855743643714264	chr6	1500000	2750000	0.6083674911155197	2.4781089491215225
chr6	3200000	4150000	0.7412022659166596	4.496142737927866	chr6	3150000	4100000	1.0	4.7047889849779585
chr6	4150000	5050000	0.7203067944372926	4.662347938814604	chr6	4100000	5050000	0.5771601883432527	4.1040570406567936
chr6	18400000	20050000	0.8458456743087092	0.0	chr6	18550000	20050000	0.8352475644174331	2.145677455195635
chr6	30450000	31500000	0.8867295401695068	6.2463782253434585	chr6	30450000	31500000	0.8867295401695068	5.896323753336618
chr6	45850000	46900000	0.9023689270621824	0.01578299724092746	chr6	45900000	46800000	0.8535533905932737	0.375734538583156
chr6	52650000	53650000	0.9023689270621825	4.762295657146698	chr6	52900000	53800000	0.8535533905932737	3.441201260618238
chr6	55150000	56150000	0.9285714285714286	0.0	chr6	55100000	56250000	0.9349126180414551	0.007195501404203767
chr6	70900000	71800000	0.882842712474619	3.3321350377566197	chr6	70900000	71800000	0.882842712474619	1.7953513651665594
chr6	72950000	73950000	0.6479334151332481	1.20006486151431	chr6	72850000	74050000	0.8015747534559559	0.9532652390148438
chr6	79550000	80600000	1.0	3.012211083950875	chr6	79600000	80700000	0.7951783947341315	2.59191872937568
chr6	85050000	86050000	0.9163162231961565	4.88728155166999	chr6	85050000	86400000	0.9040440114519881	5.295906655297029
chr6	88600000	89600000	0.6035533905932737	0.08065766334522519	chr6	88600000	89600000	0.6035533905932737	0.0
chr6	89600000	90500000	1.0	2.8944209400488283	chr6	89600000	90500000	1.0	1.9922740467190045
chr6	105900000	106800000	1.0	4.1170716238451215	chr6	105900000	106800000	1.0	2.5008020530571575
chr6	109850000	110800000	0.9511844635310911	2.2731428593080825	chr6	109800000	110800000	0.9210305136428512	1.8528866494733187
chr6	121750000	122650000	0.8333333333333334	0.021479727410451396	chr6	121650000	122600000	1.0	5.563844528817574
chr6	126200000	127500000	0.9497466904999963	4.789468436941201	chr6	126200000	127550000	0.8452041315399876	2.647026632654853
chr6	153350000	154500000	0.7994178323562651	0.007195501404203767	chr6	153300000	154400000	0.590915854805811	1.7185260264622622
chr6	164500000	165450000	1.0	0.0	chr6	164500000	165700000	0.804737854124365	0.0
chr7	11400000	12550000	0.779527503839951	5.283242726256281	chr7	11400000	12550000	0.779527503839951	2.439179845176647
chr7	19750000	20650000	0.7722854315746106	1.67053823242723	chr7	19700000	20650000	0.8242640687119285	1.221877081077034
chr7	23650000	24750000	0.7194817936091211	2.0874628412503395	chr7	23700000	24700000	0.7955048484370857	1.3441183345214283
chr7	25850000	27250000	0.8336930976840335	5.271276259175926	chr7	25900000	27250000	0.9045129460202619	4.3658987774904565
chr7	40950000	41900000	0.9511844635310911	0.007195501404203767	chr7	40850000	41850000	0.8744743347942345	5.439623137557117
chr7	41900000	42850000	0.9511844635310913	0.04963076772460043	chr7	41850000	42900000	0.8535533905932737	1.7548875021634687
chr7	48050000	50100000	0.8341496835570394	0.27996647156863164	chr7	48100000	50150000	0.8793030463535707	1.5430008774024255
chr7	51500000	54100000	0.7232679373729989	0.0	chr7	51400000	54700000	0.6937729029625568	0.0
chr7	63050000	64100000	0.790790557990391	2.4392906810420176	chr7	63200000	64250000	0.7181067922288351	0.7075247908996078
chr7	70250000	71200000	0.9414213562373095	0.0	chr7	70300000	71200000	0.6767766952966369	0.0
chr7	71200000	72350000	0.86982523608291	2.588564737401352	chr7	71200000	72300000	0.8901650429449552	0.0
chr7	73850000	75000000	0.9581581115980782	4.210817432089214	chr7	73850000	75000000	0.9581581115980782	4.135863165368679
chr7	75000000	76100000	1.0	4.77605462494397	chr7	75000000	76100000	1.0	6.332607245764762
chr7	85450000	86450000	0.8744743347942345	0.0	chr7	85500000	86450000	0.882842712474619	0.007195501404203767
chr7	94000000	95550000	0.7179208045231164	1.6353674541583996	chr7	94050000	95500000	0.6663576750112743	2.849271452644816
chr7	97550000	98500000	0.9	2.380821783940931	chr7	97550000	98500000	0.9	3.3093702415565383
chr7	123600000	124500000	1.0	0.0036022366801955253	chr7	123700000	124600000	0.8242640687119285	2.444269502413482
chr7	128800000	129700000	1.0	4.8112508221739345	chr7	128700000	129700000	0.8744743347942345	3.3190398155625362
chr7	131300000	132400000	0.7955048484370857	0.0	chr7	131300000	132350000	0.6902928991911205	0.0036022366801955253
chr7	142050000	143000000	1.0	4.259060587413906	chr7	141950000	142850000	0.875	0.057213939143664794
chr7	143000000	144150000	0.9267766952966369	1.3712371556107663	chr7	142850000	144100000	0.9166666666666666	3.3717162307669843
chr7	152550000	153750000	0.8169417382415922	0.0	chr7	152600000	154100000	0.7948446513295127	0.0
chr7	154600000	155600000	0.9285714285714286	5.588364848929832	chr7	154600000	155550000	0.882842712474619	1.7030268496877923
chr7	155600000	156600000	0.9023689270621824	2.1342209397606338	chr7	155550000	156650000	0.8571428571428571	0.5046203924035528
chr7	157200000	158300000	1.0	0.007195501404203767	chr7	157250000	158350000	0.9581581115980783	0.0
chr8	2150000	3100000	0.7071067811865475	0.0	chr8	2100000	3150000	0.6775200981598978	0.0
chr8	15700000	16650000	0.8242640687119284	0.31614574229335635	chr8	15550000	16600000	0.8242640687119284	0.6040713236688608
chr8	21800000	22900000	0.7627946161743178	3.7246502717329673	chr8	21800000	22950000	0.8618033988749895	4.781551387545038
chr8	36700000	37600000	0.9	3.6812618414704734	chr8	36600000	37650000	0.9023182522881197	3.6925573859202006
chr8	38700000	39750000	0.6380711874576983	3.103977139513613	chr8	38800000	39800000	0.6637912502387825	4.835576745038752
chr8	48950000	49850000	0.882842712474619	0.0036022366801955253	chr8	48850000	49950000	1.0	5.4387918525782615
chr8	55500000	56400000	1.0	0.0	chr8	55550000	56600000	1.0	0.0
chr8	57100000	58300000	0.8518518518518519	3.312084261514754	chr8	57100000	58250000	1.0	2.944483671148752
chr8	58300000	59400000	1.0	2.934044647112246	chr8	58250000	59450000	1.0	1.3886487747983154
chr8	64150000	65350000	0.911900753465172	0.0	chr8	64250000	65400000	0.9267766952966369	0.0
chr8	65350000	66500000	0.804737854124365	0.0	chr8	65400000	66500000	0.7955048484370857	0.06350294230615795
chr8	66500000	67400000	1.0	3.20346220671828	chr8	66500000	67450000	0.882842712474619	2.8957334694896786
chr8	69350000	70550000	0.8535533905932737	0.02856915219677092	chr8	69400000	70600000	0.6811174626178884	5.2753795962536225
chr8	71600000	72700000	0.8901650429449552	0.0874628412503394	chr8	71650000	72650000	0.9414213562373096	0.0
chr8	77250000	78200000	0.867851130197758	3.8557405917150294	chr8	77200000	78300000	0.8901650429449552	3.2172307162206693
chr8	78200000	79300000	0.7478434376790869	0.0	chr8	78300000	79300000	0.9163162231961564	0.0
chr8	79300000	80500000	0.67175144212722	0.10880321149662671	chr8	79300000	80550000	0.882842712474619	1.6593537591700505
chr8	82650000	85450000	0.7370844892357902	1.7081872360207087	chr8	82700000	85400000	0.7449068384846282	0.853995647176393
chr8	85450000	86400000	0.8242640687119284	4.515384460636948	chr8	85400000	86400000	0.9511844635310913	1.8674572205607678
chr8	87600000	88600000	0.8535533905932736	0.0	chr8	87600000	88600000	0.8535533905932736	0.0
chr8	96350000	97300000	0.9414213562373096	6.450159622356272	chr8	96300000	97250000	0.5892556509887895	4.236492618381303
chr8	108750000	109800000	0.6242640687119285	7.3594860303113885	chr8	108750000	109800000	0.6242640687119285	5.090959258071985
chr8	110750000	111800000	0.7071067811865475	0.0	chr8	110800000	111750000	0.7071067811865475	0.0
chr8	126750000	127800000	1.0	0.07724299893246035	chr8	126750000	127800000	1.0	0.22032995487955562
chr8	127800000	128700000	0.9267766952966369	0.007195501404203767	chr8	127800000	128750000	0.9	4.964860664245848
chr8	130750000	131800000	1.0	5.517013170228076	chr8	130850000	131850000	0.8308640753373011	4.71918344048179
chr8	131800000	132950000	1.0	2.7671250772690716	chr8	131850000	133100000	1.0	1.8579809951275723
chr8	139700000	140650000	1.0	0.0	chr8	139650000	140600000	0.8535533905932736	0.021479727410451396
chr9	1050000	1950000	1.0	0.0	chr9	1050000	2000000	0.6031495069119116	0.0
chr9	5650000	6800000	1.0	3.113117036390723	chr9	5750000	6800000	0.9414213562373096	2.0464910601940334
chr9	15700000	17000000	0.8934933749769264	0.007195501404203767	chr9	15700000	16950000	0.9	2.6507645591169022
chr9	34700000	35600000	1.0	4.6968840908554546	chr9	34650000	35650000	0.9023689270621825	4.2415455420089145
chr9	76250000	77300000	1.0	0.0	chr9	75900000	77200000	0.9201200312326947	0.007195501404203767
chr9	79850000	81000000	0.8771585767777684	4.517826836026677	chr9	79850000	80900000	0.9581581115980782	3.139414920885061
chr9	87000000	88300000	0.8217855964894211	0.0	chr9	87050000	88350000	0.8779611588277281	0.014355292977070055
chr9	89000000	89900000	0.7071067811865475	0.0036022366801955253	chr9	88950000	90000000	0.7373943511542176	2.0987339535853593
chr9	100300000	101550000	0.8914213562373094	5.193426795560213	chr9	100300000	101600000	0.8495633742671989	4.206749261208094
chr9	110000000	111150000	1.0	5.702657543390911	chr9	110150000	111050000	1.0	1.4316229597132921
chr9	123300000	124250000	0.882842712474619	5.570817084568393	chr9	123300000	124200000	1.0	5.002102397642015
chr9	130900000	131800000	1.0	5.369798542002655	chr9	130900000	131800000	1.0	4.871287240257495
chrX	1350000	2550000	0.7775640720246149	4.325130526925705	chrX	1450000	2750000	0.821603021222213	5.943420570193268
chrX	2550000	3850000	0.8361427157873053	2.2479275134435857	chrX	2750000	3900000	0.8373467368390075	2.2742616612570483
chrX	4450000	7200000	0.8933756811863198	3.189033824390017	chrX	3900000	6850000	0.810138638658667	0.0
chrX	8750000	10050000	0.9414213562373095	1.44927837300232	chrX	8700000	10100000	0.8620851370143499	2.111657346263132
chrX	11850000	12800000	0.7071067811865475	0.0	chrX	11850000	12850000	0.7071067811865475	3.0622080775602454
chrX	15750000	16850000	0.8744743347942345	3.267723051627423	chrX	15700000	16800000	0.7651650429449552	2.877130728765659
chrX	21800000	23650000	0.858597072215641	3.6861803374152973	chrX	21950000	23650000	0.9164436571854327	4.438825113175625
chrX	25150000	26650000	0.7587938198006862	0.026209879322848628	chrX	25300000	26350000	0.6481812160876684	0.0
chrX	32150000	33400000	0.8668667187211578	2.9579145986329856	chrX	32400000	33450000	0.6565991539589369	2.3161457422933562
chrX	33400000	34450000	0.9023689270621824	0.0	chrX	33450000	34450000	0.8047378541243649	0.0
chrX	35850000	37050000	0.8242640687119285	0.03738222200308026	chrX	35400000	36950000	0.9483129613858613	0.0
chrX	37050000	38400000	0.8261844635310913	1.9091621440135569	chrX	36950000	38400000	0.8161760458079523	2.5579614268931965
chrX	39450000	40400000	0.782842712474619	4.398145116504409	chrX	39400000	40400000	0.8326324463923128	2.6064422281316078
chrX	42150000	43700000	0.9186407725518188	0.5753123306874369	chrX	41650000	43650000	0.7488823742250248	2.08831123588866
chrX	62950000	64700000	0.8726551222550207	1.3425547454773201	chrX	63050000	64700000	0.8974873734152915	1.7834566543602395
chrX	104450000	105650000	0.86982523608291	0.0018022426339853836	chrX	104350000	105550000	0.7535533905932738	0.1842802944193824
chrX	115050000	117400000	0.7008982818201854	0.512226886513957	chrX	115050000	116900000	0.7191083235744387	0.0
chrX	124250000	128650000	0.5593598344791787	0.0	chrX	123350000	128550000	0.4710165464487115	0.00480098626382128
chrX	130900000	131850000	0.6380711874576983	3.6496154590634102	chrX	130900000	131900000	0.8496019422142796	1.1309308698264486
chrX	131850000	132900000	0.8535533905932736	0.007195501404203767	chrX	131900000	132900000	0.8535533905932736	0.40053792958372864
chrX	136200000	137150000	0.7071067811865475	0.0	chrX	136200000	137150000	0.7071067811865475	0.0
chrX	150950000	152050000	0.9633883476483185	5.952252912558853	chrX	150900000	152000000	0.9581581115980782	1.8575545197711958
