chr1	3800000	5450000	0.8535533905932737	3.468583317006828	chr1	4050000	5500000	0.835247564417433	0.0
chr1	30150000	31300000	0.9633883476483185	4.966476612136409	chr1	30200000	31250000	0.8535533905932736	6.440661570655207
chr1	35200000	36400000	0.6457621235585611	4.57234400829481	chr1	35250000	36350000	1.0	4.926118056362375
chr1	36950000	37950000	0.8535533905932736	2.220329954879556	chr1	36950000	37900000	0.9511844635310913	0.0
chr1	38400000	39400000	0.882842712474619	3.3143339939190133	chr1	38450000	39450000	0.8894427190999916	5.071247819461443
chr1	46800000	47750000	0.8	3.0	chr1	46800000	47750000	0.8	3.845239125638779
chr1	49150000	50750000	0.934912618041455	0.005399987742589676	chr1	49100000	50800000	0.8558610483575818	0.030336078370958728
chr1	50750000	51750000	0.921030513642851	3.8876227468431677	chr1	50800000	51750000	0.6422588984322123	4.3027577156380366
chr1	55500000	57250000	1.0	2.0776702742327515	chr1	55800000	57250000	0.8975891973670659	0.09423606984576553
chr1	60350000	61400000	0.9023689270621824	2.8698714061777126	chr1	60300000	61350000	0.9023689270621824	1.8533303508579908
chr1	76300000	77550000	0.7449747468305832	1.37016428054021	chr1	76450000	77500000	0.8190355937288492	0.03562390973072122
chr1	84350000	85650000	0.8590533961144174	3.4086073595596145	chr1	84300000	85350000	0.9511844635310911	4.4242876166325065
chr1	87600000	88600000	1.0	4.744430229987922	chr1	87600000	88550000	0.8242640687119285	4.850249358286328
chr1	97400000	98450000	0.882842712474619	1.875780063068488	chr1	97400000	98600000	0.8621320343559643	0.070389327891398
chr1	104100000	105200000	0.9581581115980783	0.0	chr1	104100000	105250000	0.9581581115980783	0.0
chr1	105200000	107700000	0.7131237566797701	1.890446692679906	chr1	105250000	107800000	0.7228846888438696	2.9813960319721486
chr1	114400000	115500000	0.9375	3.579904210898128	chr1	114350000	115500000	0.9349126180414551	5.083652174447489
chr1	158150000	159050000	0.7071067811865475	1.3054399720987935	chr1	158150000	159100000	0.875	1.4233336878358316
chr1	169900000	171350000	0.8069476517495431	0.8371359139231831	chr1	169850000	171350000	0.7821248191647023	1.7100925785127057
chr1	171350000	172650000	0.7973778282549667	3.1709042767537254	chr1	171350000	172650000	0.7973778282549667	4.458338253643027
chr1	175000000	176200000	1.0	2.2600256559614555	chr1	175100000	176300000	0.8568533939059599	4.133673115550182
chr1	176850000	177900000	0.7071067811865475	0.014355292977070055	chr1	176950000	177950000	0.9267766952966369	0.01673401575980127
chr1	180400000	181350000	0.819035593728849	3.4683971267709253	chr1	180350000	181250000	1.0	4.342493792112159
chr1	198650000	199550000	0.8535533905932737	0.0	chr1	198750000	199750000	0.6479334151332481	0.0
chr1	204900000	205800000	0.5	2.6391597951099683	chr1	204900000	205800000	0.5	3.5073982409543047
chr1	213250000	214450000	0.9023689270621825	1.2110121934855116	chr1	213350000	214350000	0.8744743347942345	0.07724299893246035
chr1	214850000	215850000	0.8326324463923127	2.91169158187234	chr1	214850000	215800000	0.9023689270621824	4.787380222296338
chr1	233450000	234500000	0.8744743347942345	0.3895668117627256	chr1	233450000	234450000	0.8744743347942348	2.661825593123208
chr1	237850000	240100000	0.7542102141131516	0.0	chr1	237900000	240150000	0.7893008357847666	0.0024024902153046133
chr1	242200000	243250000	0.7583772504818588	0.0	chr1	242200000	243150000	0.8055555555555556	0.0
chr10	27600000	28750000	0.9633883476483185	1.805292455600712	chr10	27650000	28750000	0.9285714285714286	2.861161365753398
chr10	28750000	29700000	0.9267766952966369	3.269594251683373	chr10	28750000	29850000	1.0	4.5932790644561425
chr10	29700000	30950000	0.7303300858899107	2.857781988983262	chr10	29850000	31000000	0.7803300858899106	2.952333566369686
chr10	30950000	32200000	0.8793570624858994	2.758445321576658	chr10	31000000	32050000	1.0	1.2377676472233639
chr10	35900000	37150000	0.7367334404538488	1.886550147324343	chr10	35950000	37150000	0.739696106380579	0.8953026213333068
chr10	37150000	38100000	0.7071067811865475	0.0	chr10	37150000	38050000	0.7071067811865475	0.017921907997262315
chr10	60250000	61350000	0.5701367322083228	0.030924573194900707	chr10	60250000	61400000	1.0	0.0
chr10	81150000	82050000	0.9267766952966369	2.5453506448222996	chr10	81150000	82050000	0.9267766952966369	3.236237477335295
chr10	91550000	92500000	0.7720759220056126	0.0	chr10	91600000	92600000	0.9414213562373096	0.0
chr10	95400000	96350000	0.9023689270621824	1.7958263069562528	chr10	95300000	96350000	1.0	2.730748629416213
chr10	101100000	102100000	0.8744743347942345	3.3208972302197868	chr10	101100000	102100000	0.8744743347942345	3.9673991989246136
chr10	108350000	111550000	0.7590839566612126	0.0	chr10	109000000	111600000	0.8108839018531078	0.0
chr10	112900000	113850000	0.565685424949238	0.0	chr10	112900000	113900000	0.6565991539589369	0.0
chr10	114200000	115400000	0.8409482154510667	2.8132681417660796	chr10	114300000	115400000	0.8901650429449554	0.14077865578279594
chr10	119100000	120200000	0.9166666666666665	1.8313705879675408	chr10	119050000	120100000	1.0	3.377123749129487
chr10	127550000	128550000	0.8333333333333334	2.0596148562972223	chr10	127500000	128500000	1.0	4.348078942927202
chr11	6750000	8050000	0.80078552303391	3.528831747241393	chr11	6800000	8050000	0.9414213562373095	2.1156702071922644
chr11	10900000	11850000	0.5137067878119201	0.17419333307911597	chr11	10900000	11900000	1.0	2.8931194758359178
chr11	13450000	14400000	1.0	3.8756572125518822	chr11	13400000	14400000	0.8326324463923129	4.674121632632395
chr11	15750000	16700000	0.8535533905932737	5.89105457835059	chr11	15850000	16750000	0.882842712474619	6.689089451248381
chr11	20650000	22150000	0.8535533905932737	0.0	chr11	20700000	22250000	0.7006634229040065	0.1763227726404629
chr11	31150000	32300000	1.0	4.679855385985	chr11	31250000	32250000	0.8047378541243649	4.425929205208577
chr11	35500000	36800000	0.8292109403236039	3.3292671408955243	chr11	35500000	36750000	0.8001913791725188	3.6068567361191994
chr11	38900000	40200000	0.7869867499538528	0.0	chr11	38900000	40300000	0.8190355937288492	0.0
chr11	40200000	41400000	0.9121320343559642	0.0	chr11	40300000	41400000	0.8169417382415922	0.0
chr11	55550000	56550000	0.882842712474619	0.0	chr11	55550000	56600000	0.9023689270621824	0.0004006929732434943
chr11	71450000	72350000	1.0	4.924163243715493	chr11	71250000	72300000	0.8102378596455088	4.1045044052995925
chr11	80900000	82350000	0.763901289366209	0.0	chr11	81250000	82400000	0.9163162231961564	0.0
chr11	92600000	93500000	0.882842712474619	2.110752987888818	chr11	92600000	93500000	0.882842712474619	3.3218078652909857
chr11	103600000	105950000	0.8007938517725789	3.018743722340698	chr11	104000000	105800000	0.8254656094241203	0.19604742615107146
chr11	105950000	107150000	0.7722854315746106	0.021479727410451396	chr11	105800000	107100000	0.9023689270621824	3.987661942027038
chr11	110350000	111300000	1.0	0.10768786931437331	chr11	110350000	111250000	0.7071067811865475	0.0
chr11	112100000	113150000	0.8373467368390075	0.026209879322848628	chr11	112050000	113150000	0.7967216809816517	2.933572638261024
chr11	121500000	122400000	0.6333333333333333	0.06350294230615795	chr11	121500000	122450000	0.9023689270621824	0.0
chr11	123500000	124500000	1.0	1.0130691500195212	chr11	123800000	124700000	1.0	1.5654996931661995
chr12	4950000	6000000	1.0	0.0024024902153046133	chr12	5050000	6050000	0.9581581115980783	0.0
chr12	6600000	8000000	0.6983967508550953	7.648653980697154	chr12	6550000	7850000	0.7929789612132965	7.535510444997201
chr12	18300000	19550000	1.0	0.36064520246021614	chr12	18350000	19800000	0.8721658548058111	1.8402953712780576
chr12	27000000	27900000	0.5771601883432527	3.660183937961317	chr12	26900000	27850000	0.7722854315746106	4.177229250070092
chr12	27900000	29200000	0.9201200312326949	2.390598905552461	chr12	27850000	29150000	0.9201200312326949	4.064293676796158
chr12	33000000	34200000	0.7429961096932651	1.4541758931858022	chr12	33000000	34150000	0.8901650429449552	1.8529975876133165
chr12	41250000	42450000	0.9707106781186547	0.0	chr12	41350000	42400000	0.9414213562373096	0.0
chr12	44350000	45400000	0.819035593728849	0.09085343045111348	chr12	44350000	45450000	0.875	0.2630344058337938
chr12	48100000	49200000	0.9267766952966369	3.7136958148433585	chr12	48050000	49250000	1.0	3.957610443667484
chr12	52450000	53400000	0.9414213562373096	3.903629213536183	chr12	52450000	53400000	0.9414213562373096	5.236208668253177
chr12	58250000	59650000	0.7850133987732651	3.8790522237837335	chr12	58300000	59550000	0.8454653676892976	3.6166713604484944
chr12	61000000	62600000	0.7501604382739442	0.0	chr12	60950000	62550000	0.7533530788939349	0.0
chr12	70150000	71200000	1.0	4.068756785161765	chr12	70200000	71150000	0.882842712474619	4.058208246103555
chr12	71200000	72400000	0.6543430329473346	2.114669889452092	chr12	71150000	72300000	0.934912618041455	3.7852366608055257
chr12	72400000	74050000	0.8826444717110826	0.0	chr12	72300000	74300000	0.838191365141902	0.053111336459562536
chr12	77350000	78550000	0.9633883476483185	1.7384075683401126	chr12	77450000	78400000	0.8047378541243649	1.4948422539141026
chr12	78550000	79750000	0.9060355974096117	1.5631581304028077	chr12	78400000	80050000	0.8647347945754028	0.06350294230615795
chr12	84200000	85350000	0.7519684418199447	0.014355292977070055	chr12	83900000	85300000	0.8291456223588194	0.0
chr12	104350000	105550000	0.8084045244717941	4.525520809095069	chr12	104650000	105750000	1.0	2.9612760396094266
chr12	115050000	116350000	0.9267766952966369	0.21412480535284734	chr12	115050000	116350000	0.9267766952966369	0.1505596765753814
chr12	120550000	121800000	0.7899867529653857	7.98786402315227	chr12	120650000	121800000	0.8535533905932737	5.959726692905108
chr12	129100000	130450000	0.9098790095958609	2.452419721281924	chr12	129150000	130450000	0.9414213562373095	2.5913602719193065
chr12	131250000	132500000	0.8894427190999916	6.070603998681302	chr12	131250000	132550000	0.8894427190999916	7.689404003749549
chr13	30700000	31700000	0.7316171919370917	3.606146078065724	chr13	30700000	31600000	0.8333333333333334	5.470618205551031
chr13	36450000	37550000	0.8901650429449552	2.039840264531791	chr13	36450000	37650000	1.0	4.153056985561233
chr13	40250000	41400000	0.9267766952966369	3.1540079475590246	chr13	40300000	41350000	1.0	3.1377767355755575
chr13	46050000	46950000	1.0	0.5424349481842677	chr13	46100000	47000000	1.0	4.496380170490739
chr13	47450000	48450000	0.819035593728849	0.0	chr13	47400000	48500000	0.8077600538123579	0.0
chr13	50500000	51650000	0.9267766952966369	2.0394308814986117	chr13	50500000	51750000	0.95	3.9422016920160527
chr13	58150000	59450000	0.9023689270621824	1.3132458517875616	chr13	58100000	59850000	0.8973139127471975	0.0
chr13	73300000	74300000	0.7071067811865475	2.0881415968690176	chr13	73250000	74350000	0.9023689270621825	3.820485342986379
chr13	78800000	80100000	1.0	2.3998546735724315	chr13	78750000	79800000	0.9023689270621825	2.607034345948616
chr13	85450000	86550000	1.0	0.0	chr13	85400000	86550000	0.86982523608291	0.0
chr13	90650000	91650000	1.0	0.0	chr13	90400000	91650000	1.0	0.0
chr13	91650000	92850000	0.9674563090207275	0.4802651220544629	chr13	91650000	92550000	0.8017766952966369	0.04264433740849372
chr13	100250000	101250000	1.0	1.2393980415665555	chr13	100200000	101250000	0.9414213562373095	1.7748397598273262
chr13	102500000	103600000	0.7927050983124841	2.3096936070271035	chr13	102650000	103550000	0.5324388287932569	3.5155246369915942
chr13	107800000	108900000	0.825191746523308	1.4444903850658142	chr13	107750000	108800000	1.0	0.6915341649192002
chr13	111200000	112150000	1.0	4.264020286214447	chr13	110850000	112200000	0.9467466874884632	4.406536670205172
chr14	30950000	31950000	0.7316171919370917	3.3382659291148404	chr14	30750000	31900000	0.8157378651666527	5.372305405987426
chr14	38300000	39500000	0.9023689270621824	7.570994128743228	chr14	38350000	39450000	0.8169417382415921	0.0
chr14	52750000	53800000	0.9414213562373096	3.4797623031947227	chr14	52800000	53800000	0.9511844635310913	4.445842553889342
chr14	53800000	54850000	0.7071067811865475	7.6729909938277485	chr14	53800000	54800000	0.9023689270621824	0.0
chr14	57000000	57900000	0.7071067811865475	2.430062204551996	chr14	56950000	57850000	0.7071067811865475	3.3004898443631085
chr14	62400000	63750000	0.7929723656440777	6.77190758138322	chr14	62400000	63750000	0.7929723656440777	0.2285621885766544
chr14	65500000	66400000	1.0	4.742814669862894	chr14	65500000	66600000	0.7357022603955158	3.996539395958633
chr14	66800000	67750000	0.8535533905932737	1.638460049213781	chr14	66600000	67700000	0.5365506212675669	2.0916998341368105
chr14	70000000	71450000	0.843621358445767	3.508301872353306	chr14	70050000	71500000	0.7219550900307686	4.209933184388137
chr15	22650000	23650000	0.9414213562373096	3.6177980259027787	chr15	22600000	23700000	0.7630915409285535	3.93451650158608
chr15	23650000	25050000	0.8197580191917215	1.9388503370060637	chr15	23700000	24950000	0.7071067811865475	2.3881895371560837
chr15	40750000	41700000	0.5334982451822127	3.762140792967949	chr15	40700000	41650000	0.7112944921610614	4.471010054401368
chr15	47450000	48550000	0.9581581115980783	2.1740867785504	chr15	47450000	48600000	0.9581581115980783	0.021479727410451396
chr15	53100000	54150000	0.9581581115980783	0.0	chr15	53100000	54150000	0.9581581115980783	0.0
chr15	54150000	55450000	0.8558375965793723	0.0	chr15	54150000	55450000	0.8558375965793723	0.0
chr15	55450000	56650000	1.0	2.598776627466258	chr15	55800000	56750000	0.7083333333333333	1.9945797242157473
chr15	69750000	70900000	0.9375	4.794155897876407	chr15	69800000	70950000	1.0	3.1481206311239642
chr15	86400000	88100000	0.8786039432791353	0.0	chr15	86400000	87850000	0.8769546917791003	0.0
chr15	91600000	92600000	0.7722854315746106	0.43562859405209065	chr15	91600000	92600000	0.7722854315746106	0.02856915219677092
chr15	93600000	95700000	0.8083430844197583	0.026209879322848628	chr15	93600000	95150000	0.9186407725518188	0.0024024902153046133
chr16	2000000	3100000	0.7525381361380528	7.386709616465744	chr16	2000000	3100000	0.7525381361380528	6.4820047325093
chr16	9250000	10350000	0.6847485280120451	0.03562390973072122	chr16	9300000	10250000	0.8157378651666526	0.0
chr16	13900000	14850000	0.6380711874576983	3.2024177215751815	chr16	13950000	14850000	0.882842712474619	3.5403993056306238
chr16	15400000	16450000	0.6869486790532873	4.3363726607855275	chr16	15400000	16400000	0.6944895939818646	3.963474123974886
chr16	21500000	22500000	0.8666666666666668	4.523151767052551	chr16	21450000	22550000	0.9581581115980782	5.5976375825735785
chr16	22500000	23650000	0.9023689270621825	4.920610899560861	chr16	22550000	23600000	0.7612038749637413	4.565025894432488
chr16	50850000	52000000	0.7912578159510714	0.070389327891398	chr16	50950000	52050000	0.9581581115980783	0.0
chr16	52000000	53000000	0.9511844635310913	0.0	chr16	52050000	53000000	1.0	0.0
chr16	62250000	63300000	1.0	0.0	chr16	62200000	63350000	0.8901650429449554	0.0
chr16	65200000	66350000	0.8169417382415921	0.0	chr16	65200000	66350000	0.8169417382415921	0.0
chr16	68350000	69300000	0.9023689270621824	3.9740244644471163	chr16	68400000	69300000	0.75	4.501343599277127
chr16	73300000	74300000	1.0	0.0	chr16	73400000	74350000	0.9414213562373096	6.982309130129774
chr16	75750000	77150000	0.9098790095958609	0.0	chr16	75800000	77200000	0.9549395047979304	0.0
chr16	82500000	83900000	0.8422882667927565	5.6464507064831775	chr16	82350000	83850000	0.8966259227717227	5.7451700908610235
chr17	5350000	6400000	0.8894427190999916	4.920531506277905	chr17	5350000	6400000	0.8894427190999916	5.338535839595811
chr17	10700000	11950000	0.8105777222858805	1.2606279081266987	chr17	10650000	12000000	0.9201200312326949	1.9568001180515768
chr17	11950000	12950000	0.7212496525266316	4.343526265304398	chr17	12000000	13050000	0.7912578159510714	4.040161841153955
chr17	15000000	15900000	1.0	3.5519891875374348	chr17	15050000	15950000	1.0	2.5288838272746417
chr17	44050000	45050000	1.0	3.4740820076576324	chr17	44100000	45050000	0.8242640687119285	4.431088033848473
chr17	48350000	49350000	1.0	5.580453871938431	chr17	48200000	49350000	0.7071067811865475	6.206041304336571
chr17	60450000	61850000	0.8420933534999968	4.576805539798239	chr17	60500000	61900000	0.9076504843704676	4.571426977196821
chr17	63200000	64150000	0.782842712474619	0.611172380044005	chr17	63200000	64150000	0.782842712474619	0.3923174227787603
chr17	68700000	70600000	0.7449648998234293	0.0	chr17	68650000	70600000	0.7431620618540861	0.0
chr17	72800000	73800000	0.9511844635310913	5.3024182843970635	chr17	72850000	73800000	0.5511708697745937	5.637171353245209
chr18	4100000	5150000	0.5514401255621685	0.014355292977070055	chr18	4000000	5050000	0.6402734644166456	0.14404636961670686
chr18	33500000	34400000	0.7203067944372926	3.4280530351181002	chr18	33500000	34400000	0.7203067944372926	5.636213744357577
chr18	35150000	37200000	0.8633404467345298	0.0	chr18	34950000	37300000	0.8946274241838504	0.03562390973072122
chr18	39600000	41150000	0.8641090754481908	0.007195501404203767	chr18	39550000	41150000	0.9075074045852255	0.0
chr18	64750000	66400000	0.8552033922496168	2.571272297129114	chr18	64850000	66400000	0.8827270720292228	3.2672860888442448
chr18	66400000	67700000	0.7586723204160283	0.021479727410451396	chr18	66400000	67400000	0.8326324463923127	0.0
chr18	75550000	76950000	0.9549395047979304	2.94063660720115	chr18	75450000	76700000	0.8964933779884593	0.0
chr19	4700000	5750000	0.9511844635310913	5.9615152918789605	chr19	4650000	5650000	0.7702200572599404	4.119620272158975
chr19	11700000	12900000	0.9210305136428512	4.665348838712988	chr19	11650000	12900000	0.8535533905932736	3.669983424625032
chr19	12900000	13900000	0.8860379610028064	6.274186384507218	chr19	12900000	13900000	0.8860379610028064	5.59411785402711
chr19	36650000	37700000	0.9023689270621825	1.5407436982323142	chr19	36600000	37850000	0.7257043183120632	4.048210347341362
chr19	43000000	43950000	0.8047378541243649	0.21412480535284734	chr19	43050000	43950000	0.8333333333333334	0.009756650738093136
chr19	43950000	45100000	0.7885800941716263	2.9810095471738656	chr19	44200000	45100000	1.0	2.1614536306130967
chr19	45400000	46300000	0.9267766952966369	4.564193810371613	chr19	45100000	46250000	1.0	5.271385210539223
chr19	52700000	54250000	0.6470213181038692	1.8550516640889005	chr19	52900000	54250000	0.8601533972186464	3.131699224186013
chr2	3800000	4900000	0.8169417382415922	0.0	chr2	3850000	4850000	0.7071067811865475	0.0
chr2	10850000	11800000	1.0	4.522118539187344	chr2	10850000	11850000	0.8571428571428571	4.561784353081841
chr2	11800000	13250000	0.9471450235429066	3.255752490419925	chr2	11850000	13200000	0.7031167648604726	4.2861418728343015
chr2	13250000	15200000	0.8874616083849197	0.0036022366801955253	chr2	13200000	15250000	0.861121138800836	0.11103131238874395
chr2	30950000	31900000	1.0	1.028569152196771	chr2	30950000	31950000	0.8414213562373096	0.014355292977070055
chr2	32750000	33850000	1.0	4.451458409785833	chr2	32750000	33800000	0.9023689270621824	4.2731428593080825
chr2	33850000	35500000	0.9149990737364917	0.0	chr2	33800000	35700000	0.8743813787781216	6.200849574637213
chr2	48900000	49850000	0.9267766952966369	0.0	chr2	48800000	49850000	1.0	0.007195501404203767
chr2	54000000	54950000	0.9414213562373096	3.4086439359350926	chr2	54050000	55000000	1.0	3.4891432734009156
chr2	74700000	76000000	0.8590533961144177	4.224032147983792	chr2	74850000	75900000	0.7706324558571308	4.026800059343715
chr2	76000000	76950000	0.7777777777777777	0.0	chr2	75900000	76900000	0.8744743347942345	4.520422248526446
chr2	80900000	83550000	0.7084739423190652	0.0	chr2	81500000	83900000	0.7798043233075685	0.0
chr2	99050000	100150000	1.0	3.0482943201617863	chr2	98950000	100150000	0.8734919064303391	4.1435902953102275
chr2	100150000	101100000	1.0	1.304511041809953	chr2	100150000	101050000	0.8535533905932737	2.612647377658316
chr2	102550000	103450000	1.0	1.9382857918840528	chr2	102550000	103500000	1.0	1.3479490656017323
chr2	114850000	118550000	0.6579308833358513	0.0	chr2	114800000	118700000	0.6207319580663674	5.71699089440494
chr2	118550000	119700000	0.8535533905932737	2.905735977667027	chr2	118700000	119700000	1.0	3.326609251005271
chr2	137250000	138600000	0.9511844635310913	0.0	chr2	137200000	138600000	0.8714174711343223	0.0
chr2	138600000	139600000	0.8678511301977578	1.7683607904417404	chr2	138600000	139600000	0.8678511301977578	2.0367963559885767
chr2	143900000	145250000	0.8873487619948259	3.0027025203798234	chr2	143850000	145200000	0.807487856884937	3.0669502439246266
chr2	147400000	148650000	0.8341640786499873	1.2172307162206693	chr2	147450000	148650000	0.5853556265392366	0.7990873060740036
chr2	150450000	151400000	0.9023689270621826	5.247357916131104	chr2	150450000	151400000	0.9023689270621826	0.11769504266975458
chr2	160850000	162200000	0.8539983817994324	4.304291992533389	chr2	160800000	161950000	0.934912618041455	0.07267750448666825
chr2	180900000	181900000	0.844887651767585	6.135042286233652	chr2	180900000	181950000	0.9023689270621826	6.4198759304221955
chr2	203200000	204200000	0.7907905579903909	2.8841094513592296	chr2	203200000	204300000	0.9	4.731590571594451
chr2	205750000	206900000	0.7993033988749895	6.696758928739037	chr2	205650000	206700000	1.0	0.0
chr2	209200000	210150000	0.9511844635310913	0.0	chr2	209150000	210100000	0.9023689270621824	2.161887682376894
chr2	228850000	230600000	0.9242491881391444	0.009586048829197932	chr2	228750000	230550000	0.9303511301977578	0.0
chr2	230600000	231800000	0.6349978387184807	3.454175893185802	chr2	230550000	231750000	0.8378266793910978	4.296016822533223
chr20	1500000	2550000	0.8102378596455088	4.408842477222912	chr20	1450000	2700000	0.825534566276342	5.511947944954148
chr20	10500000	11550000	0.8373467368390075	2.4161641647331282	chr20	10700000	11600000	0.48688672392660703	0.0
chr20	11550000	12850000	0.8102378596455088	3.6199998298213574	chr20	11600000	13150000	0.8256196415254552	1.7059779016825223
chr20	17400000	18350000	0.8666666666666668	3.910684699169456	chr20	17400000	18300000	0.5669417382415922	4.291677223176022
chr20	18350000	19600000	0.8372815451036375	3.1917995010650753	chr20	18300000	19700000	0.921030513642851	3.3448284969974416
chr20	40300000	42050000	0.8934433619633035	0.0	chr20	40450000	42000000	0.8630852169962633	0.0
chr20	43500000	44500000	0.6242640687119285	3.5365192133534293	chr20	43450000	44550000	0.7955048484370858	3.168356777022885
chr21	17000000	18650000	0.8855330513196455	3.3847405872923835	chr21	17350000	18750000	0.8117115021913519	0.0
chr21	23900000	24850000	0.8242640687119285	0.0	chr21	23950000	24950000	0.9023689270621825	0.0
chr21	29050000	30300000	0.7560660171779822	2.583759753639499	chr21	29150000	30250000	0.7907905579903909	0.0
chr21	31350000	32400000	0.7071067811865475	0.0	chr21	31350000	32450000	0.7821248191647022	0.0
chr21	37500000	38400000	1.0	1.9500536082125643	chr21	37450000	38400000	0.9023689270621824	3.1098619884914385
chr21	39700000	40700000	0.8326324463923127	5.417008586788777	chr21	39800000	40900000	0.8867295401695069	6.207002114584101
chr21	40700000	42450000	0.9201200312326946	3.8026527837342403	chr21	40900000	42500000	0.7655758708430733	0.0
chr22	26800000	27800000	0.8373467368390075	4.449750011517387	chr22	26800000	27800000	0.8373467368390075	4.641835001555368
chr22	29700000	30700000	1.0	4.598910513800375	chr22	29700000	30600000	1.0	4.5346308251710115
chr22	30700000	31800000	0.8373467368390075	4.379539276463282	chr22	30600000	31800000	0.7701856083110132	3.181801291612125
chr22	33550000	35600000	0.6338434948568523	0.4032677223393011	chr22	33550000	35600000	0.6338434948568523	0.16671544496642232
chr22	35600000	36850000	0.664902910955215	4.7692427951405385	chr22	35600000	36850000	0.664902910955215	3.5609594583375994
chr22	39850000	40750000	1.0	5.841004457701771	chr22	39850000	40750000	1.0	6.224435864887332
chr22	42000000	42950000	0.7264911064067352	4.555407169930371	chr22	42000000	43000000	0.7093984093381442	4.854304430495097
chr3	3250000	4250000	1.0	0.021479727410451396	chr3	3250000	4300000	0.8707106781186548	0.0
chr3	7000000	8300000	0.7591173116221868	0.0	chr3	6900000	8550000	0.9273749397215674	0.0
chr3	8300000	9450000	0.7721941631450924	2.94778302625542	chr3	8550000	9450000	0.8535533905932737	4.942480992870084
chr3	18550000	19900000	0.6628010873055767	0.007195501404203767	chr3	18500000	19900000	0.6989667075666242	0.014355292977070055
chr3	22100000	23000000	0.8242640687119285	0.0	chr3	21800000	23050000	0.804737854124365	0.11769504266975458
chr3	25800000	27200000	0.7725698210163476	1.6386531164661118	chr3	25950000	27200000	0.7758608334925218	0.16349873228287956
chr3	28850000	30000000	0.934912618041455	3.4309542713857293	chr3	28500000	30050000	0.9186733684195038	0.0
chr3	38550000	39450000	0.7885800941716263	7.791911723207094	chr3	38550000	39450000	0.7885800941716263	8.426858765529365
chr3	50350000	51450000	0.6155201076247159	6.006003417400173	chr3	50300000	51450000	0.7506504832081076	4.053958453770161
chr3	67000000	67900000	0.6683281572999747	1.790772037862	chr3	66950000	67850000	0.8333333333333334	3.760487101811031
chr3	67900000	69000000	0.7071067811865475	0.03562390973072122	chr3	67850000	69000000	0.7071067811865475	0.0
chr3	74050000	75200000	0.9267766952966369	0.04963076772460043	chr3	73650000	75200000	0.8813380883195704	0.0
chr3	75800000	77350000	0.8989989175188591	1.102658131363739	chr3	75750000	76950000	0.8767766952966368	3.4498914730109442
chr3	79550000	80700000	0.7910533905932737	2.097610796626422	chr3	79550000	80500000	0.9414213562373096	0.2750070474998698
chr3	87200000	88350000	0.9375	2.4386730584705	chr3	87300000	88250000	0.804737854124365	3.249066033855867
chr3	100400000	101400000	0.6204757192910175	4.695332704728674	chr3	100550000	101450000	0.7071067811865475	7.335569005556749
chr3	108800000	109900000	0.6629126073623882	0.021479727410451396	chr3	108850000	110000000	0.7071067811865475	0.0
chr3	123300000	124400000	1.0	3.5883248679119157	chr3	123350000	124350000	0.8047378541243649	4.747924416238441
chr3	124400000	125350000	1.0	4.4239142676731	chr3	124350000	125400000	1.0	3.5773532922865816
chr3	125350000	126250000	0.7071067811865475	3.515314367351819	chr3	125400000	126300000	0.882842712474619	1.7394160934010288
chr3	133250000	134300000	0.9511844635310913	4.274973174660431	chr3	133200000	134350000	0.9163162231961566	4.533303772647341
chr3	135700000	136800000	0.9023689270621824	3.4091646132819724	chr3	135700000	136800000	0.9023689270621824	4.805550425210856
chr3	136800000	137750000	0.7071067811865475	0.0	chr3	136800000	137700000	0.8242640687119285	0.0
chr3	157350000	158350000	0.790790557990391	0.9398534276363496	chr3	157300000	158500000	0.9349126180414549	3.9044152818055866
chr3	160250000	161250000	0.7536629600351641	2.330148601692331	chr3	160300000	161200000	0.5771601883432527	4.199986366721674
chr3	161250000	162700000	0.9450825214724776	0.0	chr3	161200000	162750000	0.9999999999999999	0.0
chr3	162700000	165650000	0.8243889007340806	0.16349873228287956	chr3	162750000	164900000	0.8408394474068873	0.0
chr3	173050000	176150000	0.6712315332350892	1.74416109557041	chr3	172500000	176150000	0.6419168643816449	0.10209818761873599
chr3	179450000	180400000	0.5722854315746106	2.2831809789455697	chr3	179450000	180350000	1.0	4.441616269406558
chr3	189600000	191200000	0.9494968481326254	1.8753869045864557	chr3	189600000	190900000	0.8062606581150973	0.21826453571377138
chr4	1800000	3000000	0.7938505434181141	4.969767032443309	chr4	1750000	2650000	0.8535533905932737	3.918386234446348
chr4	13600000	14850000	1.0	2.00539998774259	chr4	13650000	14750000	0.8867295401695069	0.0
chr4	16400000	17500000	0.8901650429449554	7.097926772909684	chr4	16400000	17450000	0.9163162231961565	0.02856915219677092
chr4	17500000	18650000	1.0	3.5888645181901477	chr4	17450000	18650000	0.8238015069303439	5.056502244429887
chr4	19200000	20300000	0.656599153958937	2.752748591407134	chr4	19200000	20300000	0.656599153958937	2.070389327891398
chr4	20700000	21800000	0.68977530353517	0.0	chr4	20800000	21750000	0.6637912502387825	0.0
chr4	22750000	23750000	1.0	0.0	chr4	22850000	23800000	1.0	0.0
chr4	24400000	25300000	1.0	3.3053625840823435	chr4	24400000	25400000	0.882842712474619	5.061236165747747
chr4	44750000	46800000	0.8084971710041746	0.0	chr4	44700000	47400000	0.772551447648095	1.4892860226258766
chr4	65550000	67650000	0.7873882410364307	0.29865831556451516	chr4	65500000	68250000	0.7001848328825352	0.021479727410451396
chr4	68250000	69250000	0.7357022603955158	2.0073749299276478	chr4	68250000	69250000	0.7357022603955158	4.066605884204436
chr4	74050000	75050000	0.8496019422142798	2.2914009594836915	chr4	73950000	75050000	0.9008883476483185	2.8453645937469494
chr4	79900000	80800000	1.0	0.0036022366801955253	chr4	79850000	80850000	0.782842712474619	4.658973100845707
chr4	81300000	82200000	1.0	0.0	chr4	81300000	82250000	1.0	0.15704371014558005
chr4	82200000	83200000	1.0	0.014355292977070055	chr4	82250000	83200000	0.8707106781186549	0.5704629310260411
chr4	90100000	91250000	0.7967216809816519	5.328091448995246	chr4	90100000	91200000	0.7071067811865475	1.2039841658559884
chr4	99000000	100000000	0.8571428571428572	4.0399279743558685	chr4	99000000	100000000	0.8571428571428572	5.234961094839504
chr4	100950000	101850000	0.7071067811865475	4.247737672658933	chr4	100950000	101850000	0.7071067811865475	0.0036022366801955253
chr4	104900000	105850000	1.0	0.0	chr4	104900000	105850000	1.0	0.007195501404203767
chr4	112950000	114100000	0.8734919064303392	1.4633608858166582	chr4	112950000	114200000	0.8934933749769263	3.0920171075407694
chr4	129050000	130150000	0.9267766952966369	2.46532151358055	chr4	129100000	130250000	0.9267766952966369	4.2393598502774665
chr4	134150000	135850000	0.878564869306645	0.3729520979118291	chr4	134000000	135500000	0.8722604191027171	0.4436066514756146
chr4	137850000	138750000	0.882842712474619	1.185866545311334	chr4	137850000	138950000	0.9267766952966369	0.04264433740849372
chr4	138750000	139900000	0.9633883476483185	4.185470146066942	chr4	138950000	139900000	0.7203067944372926	3.693208148910016
chr4	141300000	143100000	0.9565685424949237	2.2315092108670465	chr4	141800000	143100000	0.9467466874884634	4.5009082546134564
chr4	145050000	146000000	0.9166666666666667	5.733535118139393	chr4	145100000	146000000	0.875	0.0
chr4	148900000	150150000	0.7429961096932651	2.0565835283663674	chr4	148850000	150200000	0.8535533905932737	0.20789285164133287
chr4	150850000	151950000	1.0	2.3214471163728594	chr4	151050000	152000000	1.0	3.9606970393043124
chr4	158100000	159000000	0.9023689270621825	0.0	chr4	158050000	159000000	0.8047378541243649	0.0
chr4	160450000	162150000	0.8744743347942348	0.0	chr4	160400000	162100000	0.9068067031048105	0.0
chr4	162150000	163900000	0.8445487479329891	1.3248106034204838	chr4	162100000	163550000	0.8459708691207961	1.160274831408593
chr4	164550000	165700000	0.8169417382415921	0.0	chr4	164450000	165750000	0.7599056032721726	0.014355292977070055
chr4	171100000	172650000	0.9504441738241592	0.0	chr4	171050000	172700000	0.9165498521764965	0.0
chr5	6800000	7850000	1.0	0.02856915219677092	chr5	6800000	7850000	1.0	0.021479727410451396
chr5	15100000	16050000	1.0	4.2660368939953175	chr5	15100000	16250000	0.8901650429449552	0.0
chr5	18400000	19500000	0.8030457633656634	0.0	chr5	18400000	19650000	0.674735211786625	0.0
chr5	28800000	31350000	0.7383794415740834	0.07724299893246035	chr5	29300000	31300000	0.7728635164236227	0.0
chr5	35000000	36050000	0.9023689270621826	0.18541350871132015	chr5	35050000	35950000	0.9267766952966369	0.05380644369579382
chr5	39650000	40850000	0.6495961163186379	5.592576633972194	chr5	39600000	40900000	0.9121320343559642	9.817226717680612
chr5	43650000	44900000	0.8015747534559559	3.694601653356124	chr5	43650000	44900000	0.8015747534559559	5.353587949195417
chr5	66550000	67650000	0.9267766952966369	0.8738131983590871	chr5	66600000	67500000	1.0	0.0
chr5	73200000	74100000	0.48240453183331927	5.274634402517586	chr5	73150000	74050000	1.0	5.137401055974695
chr5	74100000	75100000	0.9023689270621824	2.5617843530818414	chr5	74050000	75050000	0.9581581115980783	4.978538869710445
chr5	80600000	81550000	0.8535533905932737	1.9523335663696855	chr5	80650000	81600000	0.8894427190999916	9.442217820176026
chr5	88000000	88950000	1.0	3.7468501830980503	chr5	88000000	89000000	0.9163162231961566	4.792334805706693
chr5	94850000	96050000	0.8642766952966369	3.2085314477598623	chr5	94750000	95950000	0.8771585767777684	5.006502045090715
chr5	98350000	99750000	0.8601533972186464	0.0	chr5	98400000	99700000	0.8024328425699517	0.0
chr5	103600000	105400000	0.8290155275420792	0.0	chr5	104100000	105550000	0.8535533905932737	0.0
chr5	105400000	107050000	0.8828781006914228	3.10936055940423	chr5	105550000	107050000	0.8847317714423459	0.09761079662642234
chr5	110450000	111500000	0.7706324558571308	4.925287386770336	chr5	110550000	111500000	0.9414213562373096	4.435628594052091
chr5	115900000	118200000	0.811054164309176	0.3729520979118291	chr5	116250000	118200000	0.767872386984206	0.0
chr5	118850000	120000000	0.7654541440584456	0.4302852729777807	chr5	118900000	120050000	0.8901650429449552	0.19219416528334513
chr5	120000000	121350000	0.7925616045307005	0.4905701304462014	chr5	120050000	121400000	0.8057595180117629	2.1101961777541995
chr5	121350000	122950000	0.8275186481971635	3.1141819097864305	chr5	121400000	123000000	0.911900753465172	3.2581838817369926
chr5	125950000	126900000	0.7071067811865475	4.0971893872351135	chr5	125650000	126850000	0.7632074710295633	4.279285560846542
chr5	129200000	130400000	1.0	1.4059923596758368	chr5	129150000	130400000	0.9707106781186547	0.03562390973072122
chr5	132400000	133400000	0.8571428571428572	5.049848549450561	chr5	132400000	133400000	0.8571428571428572	5.729598086209189
chr5	136950000	137850000	0.7722854315746106	3.444807844642601	chr5	136950000	137900000	1.0	4.894774973893143
chr5	143600000	145500000	0.806259715338854	0.8145504234618081	chr5	143550000	145900000	0.8832216630926708	4.695892610413293
chr5	148650000	149900000	0.9201200312326948	6.151458759826761	chr5	148650000	149800000	0.8238015069303438	3.6697130882060724
chr5	164000000	165050000	0.9285714285714286	0.0	chr5	164000000	165000000	0.8326324463923127	0.0
chr5	167650000	169000000	0.7775640720246149	2.532316959332765	chr5	167650000	169000000	0.7775640720246149	4.6937099655827605
chr5	175700000	177000000	0.7669223286977438	5.5997370579495245	chr5	176000000	176950000	0.9267766952966369	4.9620862498506435
chr5	179000000	180050000	0.9511844635310911	5.61774905873974	chr5	179100000	180100000	1.0	5.8282713833639095
chr6	1500000	2800000	0.7561093857666583	3.5391588111080314	chr6	1500000	2700000	0.827468177277773	1.8855743643714264
chr6	3100000	4100000	0.7630915409285535	4.183378237891133	chr6	3200000	4150000	0.7412022659166596	4.496142737927866
chr6	4100000	5050000	0.5771601883432527	3.54452660079539	chr6	4150000	5050000	0.7203067944372926	4.662347938814604
chr6	18650000	20100000	0.8117115021913519	0.007195501404203767	chr6	18400000	20050000	0.8458456743087092	0.0
chr6	25150000	26050000	0.7236067977499789	3.253099427776074	chr6	25100000	26050000	1.0	3.579151746102543
chr6	30400000	31500000	0.8535533905932736	6.068434354377929	chr6	30450000	31500000	0.8867295401695068	6.2463782253434585
chr6	32100000	33350000	0.9060355974096118	6.587764473852863	chr6	32150000	33200000	0.7884068880649888	3.9906474976126303
chr6	65050000	66350000	0.7895728111794096	0.0	chr6	65150000	66500000	0.7163495064760466	0.32192809488736235
chr6	72850000	74000000	0.6569275828732759	0.05426966252812099	chr6	72950000	73950000	0.6479334151332481	1.20006486151431
chr6	79600000	80700000	0.7951783947341315	2.591679416935737	chr6	79550000	80600000	1.0	3.012211083950875
chr6	85050000	86400000	0.9040440114519881	5.030225708861599	chr6	85050000	86050000	0.9163162231961565	4.88728155166999
chr6	88550000	89600000	0.9023689270621824	0.014355292977070055	chr6	88600000	89600000	0.6035533905932737	0.08065766334522519
chr6	89600000	90500000	1.0	2.361130309326542	chr6	89600000	90500000	1.0	2.8944209400488283
chr6	98000000	99150000	0.732910453079173	0.0	chr6	97900000	99200000	0.7895728111794097	0.0
chr6	109750000	110750000	0.6403925002046706	2.7582837927133768	chr6	109850000	110800000	0.9511844635310911	2.2731428593080825
chr6	114300000	116350000	0.8000049724491678	5.184081890370265	chr6	114350000	116400000	0.7816531022149442	0.025028794491522448
chr6	121650000	122700000	0.8744743347942348	5.849686574959165	chr6	121750000	122650000	0.8333333333333334	0.021479727410451396
chr6	124100000	125100000	1.0	0.15704371014558005	chr6	124150000	125150000	0.7316171919370917	0.0
chr6	153400000	154400000	1.0	0.09985623683206658	chr6	153350000	154500000	0.7994178323562651	0.007195501404203767
chr6	157600000	158550000	0.8047378541243649	3.924218679748503	chr6	157600000	158550000	0.8047378541243649	4.457462964648552
chr6	161850000	163550000	0.8760457649431328	0.0600473836699389	chr6	162350000	163550000	0.5892556509887896	0.04963076772460043
chr6	164500000	165650000	0.9267766952966369	0.0	chr6	164500000	165450000	1.0	0.0
chr7	13350000	14600000	0.8535533905932737	2.5434958834257717	chr7	13350000	14700000	0.8422882667927564	3.683696454306516
chr7	23700000	24700000	0.7955048484370857	1.5885647374013518	chr7	23650000	24750000	0.7194817936091211	2.0874628412503395
chr7	27250000	28200000	1.0	4.671104624520178	chr7	27250000	28150000	0.7071067811865475	5.498091268540895
chr7	40850000	41900000	0.9023689270621824	3.9959367035045874	chr7	40950000	41900000	0.9511844635310911	0.007195501404203767
chr7	47250000	50100000	0.7975961981503935	2.8770303095455225	chr7	48050000	50100000	0.8341496835570394	0.27996647156863164
chr7	70250000	71200000	0.9414213562373095	0.0	chr7	70250000	71200000	0.9414213562373095	0.0
chr7	71200000	72400000	0.9281725989548082	2.127633279725874	chr7	71200000	72350000	0.86982523608291	2.588564737401352
chr7	73950000	75050000	1.0	3.808671067001054	chr7	73850000	75000000	0.9581581115980782	4.210817432089214
chr7	75050000	76100000	0.9163162231961564	7.782553658422222	chr7	75000000	76100000	1.0	4.77605462494397
chr7	77600000	78850000	0.9121320343559642	0.0	chr7	77750000	78900000	0.8901650429449552	0.0
chr7	85500000	86400000	0.9414213562373096	0.0	chr7	85450000	86450000	0.8744743347942345	0.0
chr7	88550000	89700000	0.926776695296637	0.0	chr7	88550000	89750000	0.8734919064303392	0.0
chr7	94000000	95450000	0.7015458410635051	3.4609063482072453	chr7	94000000	95550000	0.7179208045231164	1.6353674541583996
chr7	97550000	98450000	1.0	4.549273110042013	chr7	97550000	98500000	0.9	2.380821783940931
chr7	108250000	110250000	0.7630213835129716	0.0	chr7	108250000	110600000	0.7678440859015901	0.0
chr7	124500000	125400000	1.0	2.978195629681652	chr7	124500000	125450000	0.7071067811865475	6.411002459617349
chr7	128750000	129750000	0.686886723926607	3.5052558009321633	chr7	128800000	129700000	1.0	4.8112508221739345
chr7	142000000	142950000	0.782842712474619	2.8453466703995454	chr7	142050000	143000000	1.0	4.259060587413906
chr7	142950000	144150000	0.8793570624858994	2.8641153792135	chr7	143000000	144150000	0.9267766952966369	1.3712371556107663
chr7	152600000	154100000	0.7948446513295127	0.0	chr7	152550000	153750000	0.8169417382415922	0.0
chr7	154600000	155550000	0.882842712474619	3.3355094577271713	chr7	154600000	155600000	0.9285714285714286	5.588364848929832
chr7	155550000	156550000	0.9581581115980782	0.8073549220576041	chr7	155600000	156600000	0.9023689270621824	2.1342209397606338
chr7	157200000	158350000	1.0	0.0	chr7	157200000	158300000	1.0	0.007195501404203767
chr8	2100000	3200000	0.9267766952966369	0.0	chr8	2150000	3100000	0.7071067811865475	0.0
chr8	6750000	8000000	0.7324019192519385	0.0	chr8	6800000	8050000	0.7512144564308695	0.0
chr8	12500000	13600000	0.7153567894682632	3.900021467037781	chr8	12450000	13550000	0.8102378596455089	1.9574503363471163
chr8	14200000	15250000	0.8002191388837806	0.0	chr8	14200000	15150000	0.7458122890254859	0.007195501404203767
chr8	15650000	16550000	0.8535533905932737	1.4302852729777806	chr8	15700000	16650000	0.8242640687119284	0.31614574229335635
chr8	21850000	22900000	0.6683281572999747	4.442902038499025	chr8	21800000	22900000	0.7627946161743178	3.7246502717329673
chr8	35150000	36650000	0.9450825214724776	0.0	chr8	34850000	36700000	0.86645098933908	0.0
chr8	36650000	37650000	0.9210305136428512	3.7888944791604415	chr8	36700000	37600000	0.9	3.6812618414704734
chr8	48950000	49950000	1.0	0.21723071622066917	chr8	48950000	49850000	0.882842712474619	0.0036022366801955253
chr8	55600000	56550000	1.0	0.0	chr8	55500000	56400000	1.0	0.0
chr8	57150000	58350000	0.9267766952966369	2.775050541483175	chr8	57100000	58300000	0.8518518518518519	3.312084261514754
chr8	58350000	59450000	0.8791886252409293	1.1353159645121707	chr8	58300000	59400000	1.0	2.934044647112246
chr8	62600000	64300000	0.9229228371543545	3.6603810352424113	chr8	62550000	64150000	0.9674563090207275	4.360434513151206
chr8	64300000	65350000	1.0	0.0	chr8	64150000	65350000	0.911900753465172	0.0
chr8	65350000	66500000	0.804737854124365	0.0	chr8	65350000	66500000	0.804737854124365	0.0
chr8	71650000	72650000	0.9414213562373096	0.0	chr8	71600000	72700000	0.8901650429449552	0.0874628412503394
chr8	73100000	74650000	0.8504800418540562	7.23870089135202	chr8	73200000	74600000	0.8673569784804729	9.327642458875573
chr8	76300000	77250000	0.8047378541243649	0.0	chr8	76300000	77250000	0.8047378541243649	0.0
chr8	77250000	78400000	0.9210305136428512	2.36667191611176	chr8	77250000	78200000	0.867851130197758	3.8557405917150294
chr8	87600000	88550000	0.8535533905932736	0.0	chr8	87600000	88600000	0.8535533905932736	0.0
chr8	96300000	97300000	0.7479422850033065	5.02768487693716	chr8	96350000	97300000	0.9414213562373096	6.450159622356272
chr8	106850000	107800000	1.0	1.710393192170516	chr8	106800000	107950000	0.8888888888888888	3.78135971352466
chr8	108800000	109800000	0.8333333333333334	5.105751400738538	chr8	108750000	109800000	0.6242640687119285	7.3594860303113885
chr8	127800000	128750000	0.9	5.0410019871675065	chr8	127800000	128700000	0.9267766952966369	0.007195501404203767
chr8	130850000	131800000	0.9414213562373096	4.35102755219611	chr8	130750000	131800000	1.0	5.517013170228076
chr8	131800000	133100000	1.0	1.4982508675278254	chr8	131800000	132950000	1.0	2.7671250772690716
chr8	136900000	138500000	0.9186659829943671	0.0	chr8	136950000	138450000	0.9138549356431023	0.0
chr8	139700000	140600000	0.7071067811865475	0.0	chr8	139700000	140650000	1.0	0.0
chr9	1000000	1950000	0.9267766952966369	0.0	chr9	1050000	1950000	1.0	0.0
chr9	5750000	6800000	0.9414213562373096	2.885183866320351	chr9	5650000	6800000	1.0	3.113117036390723
chr9	11200000	12550000	0.8136134062096211	0.0	chr9	11350000	12500000	0.8372815451036375	0.0
chr9	15750000	17000000	0.9	2.3362833878644325	chr9	15700000	17000000	0.8934933749769264	0.007195501404203767
chr9	34600000	35700000	0.9163162231961564	4.739358707433395	chr9	34700000	35600000	1.0	4.6968840908554546
chr9	35700000	36750000	0.651266921876589	4.662689735434052	chr9	35950000	36900000	0.5846456278799631	4.285864547031848
chr9	37500000	38550000	0.7614223231766001	3.644865723007923	chr9	37450000	38450000	0.8420610272857022	5.3264294871223035
chr9	76300000	77250000	1.0	0.007195501404203767	chr9	76250000	77300000	1.0	0.0
chr9	87000000	88400000	0.8286809980133187	1.1259816538547154	chr9	87000000	88300000	0.8217855964894211	0.0
chr9	89000000	89900000	0.7071067811865475	0.03562390973072122	chr9	89000000	89900000	0.7071067811865475	0.0036022366801955253
chr9	103400000	104350000	1.0	1.2889912769355711	chr9	103350000	104250000	0.8535533905932737	3.1634987322828794
chr9	104350000	106750000	0.7926937587765611	0.0	chr9	104900000	106600000	0.7869867499538526	0.0
chr9	110100000	111550000	0.921895141649746	0.8953026213333065	chr9	110000000	111150000	1.0	5.702657543390911
chr9	123250000	124200000	1.0	4.951168128838912	chr9	123300000	124250000	0.882842712474619	5.570817084568393
chr9	130850000	131850000	0.9511844635310913	5.147186964107852	chr9	130900000	131800000	1.0	5.369798542002655
chrX	1350000	2750000	0.8698954425671548	6.564384520230432	chrX	1350000	2550000	0.7775640720246149	4.325130526925705
chrX	2750000	3800000	0.7071067811865475	2.5055734002820182	chrX	2550000	3850000	0.8361427157873053	2.2479275134435857
chrX	4450000	6850000	0.9459794516404596	0.014355292977070055	chrX	4450000	7200000	0.8933756811863198	3.189033824390017
chrX	8750000	10100000	0.7057428132165271	2.748307877166433	chrX	8750000	10050000	0.9414213562373095	1.44927837300232
chrX	11750000	12850000	0.7071067811865475	3.781884234541486	chrX	11850000	12800000	0.7071067811865475	0.0
chrX	15800000	16800000	0.7071067811865475	1.9531321797534267	chrX	15750000	16850000	0.8744743347942345	3.267723051627423
chrX	25200000	26650000	0.7986359120657514	0.0	chrX	25150000	26650000	0.7587938198006862	0.026209879322848628
chrX	33450000	34350000	1.0	0.0	chrX	33400000	34450000	0.9023689270621824	0.0
chrX	34350000	35850000	0.9102866902442892	2.2849089054565566	chrX	34450000	35850000	0.9774697523989652	0.07496205768122191
chrX	35850000	36950000	0.7907905579903909	0.007195501404203767	chrX	35850000	37050000	0.8242640687119285	0.03738222200308026
chrX	36950000	38450000	0.8901650429449552	3.3959591945572933	chrX	37050000	38400000	0.8261844635310913	1.9091621440135569
chrX	72100000	73050000	0.9023689270621824	0.356948661036046	chrX	72000000	73000000	0.844887651767585	0.11484292633876304
chrX	73850000	74750000	0.8535533905932737	1.9597701552114675	chrX	73800000	74800000	0.790790557990391	3.6321518644336095
chrX	75400000	76750000	0.7559223176554563	0.8499992594660976	chrX	75450000	76600000	0.8169417382415922	0.014355292977070055
chrX	85400000	86450000	0.9267766952966369	0.0	chrX	85450000	86500000	0.7357022603955158	0.0
chrX	104300000	106000000	0.8468340232155204	0.18903382439001684	chrX	104450000	105650000	0.86982523608291	0.0018022426339853836
chrX	108650000	109700000	0.8102378596455088	2.007195501404204	chrX	108700000	109700000	0.8130805229265299	3.382321407114501
chrX	113100000	114400000	0.8613521576502652	0.0	chrX	113100000	114400000	0.8613521576502652	0.07382023329167138
chrX	115050000	116900000	0.7191083235744387	0.0	chrX	115050000	117400000	0.7008982818201854	0.512226886513957
chrX	117500000	118500000	0.8590533961144176	3.373996142131237	chrX	117400000	118450000	0.7363314823837865	4.125509413247917
chrX	130850000	131800000	0.9511844635310913	1.1898245588800174	chrX	130900000	131850000	0.6380711874576983	3.6496154590634102
chrX	150900000	152000000	0.9581581115980782	2.4197314948170394	chrX	150950000	152050000	0.9633883476483185	5.952252912558853
