chr1	14300000	15400000	0.6744448490677951	1.0356239097307214	chr1	14350000	15400000	0.8047378541243649	1.1763227726404628
chr1	30150000	31300000	0.9633883476483185	4.966476612136409	chr1	30200000	31200000	0.8658085959685459	0.3895668117627256
chr1	32650000	34050000	0.8744743347942346	4.892555546758536	chr1	32150000	34050000	0.8086531456848582	5.793057013710746
chr1	36950000	37950000	0.8535533905932736	2.220329954879556	chr1	36950000	37950000	0.8535533905932736	2.6604951318885135
chr1	38400000	39400000	0.882842712474619	3.3143339939190133	chr1	38450000	39400000	0.6421334847649001	4.598339680912144
chr1	46800000	47750000	0.8	3.0	chr1	46800000	47700000	0.7558336368008464	3.9662170282660583
chr1	49150000	50750000	0.934912618041455	0.005399987742589676	chr1	49400000	50750000	0.8318956251193912	0.08406426478847455
chr1	50750000	51750000	0.921030513642851	3.8876227468431677	chr1	50750000	51750000	0.921030513642851	3.53605290024021
chr1	54400000	55500000	0.7361359120657514	3.9066605824120555	chr1	54300000	55500000	0.8576783947341315	4.357917368913526
chr1	57250000	59100000	0.8249850015401775	3.001802242633985	chr1	57250000	59100000	0.8249850015401775	2.767478246191493
chr1	60350000	61400000	0.9023689270621824	2.8698714061777126	chr1	60350000	61300000	0.7071067811865475	0.160274831408593
chr1	76300000	77550000	0.7449747468305832	1.37016428054021	chr1	76300000	77550000	0.7449747468305832	0.5655971758542251
chr1	80650000	81900000	0.8025842840678356	5.193377510564362	chr1	80650000	81750000	0.8744743347942345	0.0
chr1	84350000	85650000	0.8590533961144174	3.4086073595596145	chr1	84300000	85300000	0.9285714285714286	4.187407063387116
chr1	87600000	88600000	1.0	4.744430229987922	chr1	87650000	88550000	0.9267766952966369	5.735115955967403
chr1	97400000	98450000	0.882842712474619	1.875780063068488	chr1	97450000	98550000	0.8047378541243649	3.851499202461257
chr1	99050000	100200000	0.8771585767777683	3.44857062600553	chr1	99100000	100150000	0.8373467368390075	0.23112515787904991
chr1	104100000	105200000	0.9581581115980783	0.0	chr1	104100000	105050000	0.9414213562373096	0.0
chr1	157000000	158150000	0.8169417382415922	2.1792214978288147	chr1	157000000	158050000	1.0	3.784399284280013
chr1	158150000	159050000	0.7071067811865475	1.3054399720987935	chr1	158050000	159150000	0.8420610272857023	4.159400450369144
chr1	163400000	165100000	0.8790157434977179	3.0984532463092744	chr1	163400000	165100000	0.8790157434977179	0.06350294230615795
chr1	168250000	169400000	0.9633883476483185	2.0128240403575837	chr1	168250000	169350000	1.0	7.261443505159181
chr1	169900000	171350000	0.8069476517495431	0.8371359139231831	chr1	169850000	170950000	0.8658085959685459	5.018255826536165
chr1	171350000	172650000	0.7973778282549667	3.1709042767537254	chr1	171400000	172600000	0.9121320343559642	4.230020435705634
chr1	175000000	176200000	1.0	2.2600256559614555	chr1	174850000	176300000	0.9471450235429066	4.926750626613232
chr1	198650000	199550000	0.8535533905932737	0.0	chr1	198650000	199550000	0.8535533905932737	0.0
chr1	199550000	200550000	0.844887651767585	1.5418452024208789	chr1	199550000	200500000	0.8190355937288492	1.8946561077482598
chr1	204900000	205800000	0.5	2.6391597951099683	chr1	204900000	205800000	0.5	3.575577062722683
chr1	208450000	210650000	0.8076135728278074	2.7159931799523895	chr1	208000000	210550000	0.7634813675533815	3.5043479887697595
chr1	213250000	214450000	0.9023689270621825	1.2110121934855116	chr1	213350000	214350000	0.8744743347942345	0.021479727410451396
chr1	214850000	215850000	0.8326324463923127	2.91169158187234	chr1	214850000	215850000	0.8326324463923127	3.0430819818956625
chr1	220050000	220950000	1.0	3.0761029790857917	chr1	220050000	220950000	1.0	4.603576894437219
chr1	221650000	222700000	0.824535599249993	0.9411063109464315	chr1	221600000	222650000	0.8744743347942345	4.662775171937777
chr10	12200000	13250000	1.0	4.296579768173734	chr10	12050000	13150000	1.0	5.350961274716329
chr10	17450000	18550000	1.0	1.9733051333345797	chr10	17500000	18650000	0.8468133715066269	1.7771566660045015
chr10	19050000	20000000	0.6481812160876684	0.0	chr10	19000000	20000000	0.6060915267313265	3.093391153253014
chr10	27600000	28750000	0.9633883476483185	1.805292455600712	chr10	27700000	28800000	0.8373467368390076	3.5455977662756086
chr10	28750000	29700000	0.9267766952966369	3.269594251683373	chr10	28800000	29750000	1.0	4.546971607292317
chr10	30950000	32200000	0.8793570624858994	2.758445321576658	chr10	30950000	32150000	0.6891333969554893	3.401448434530889
chr10	35900000	37150000	0.7367334404538488	1.886550147324343	chr10	35950000	37200000	0.7045922231271875	3.309612772454123
chr10	57450000	59800000	0.9471515631060535	4.7742599514327635	chr10	58100000	59850000	0.9669627825494396	6.352352462786875
chr10	66400000	67950000	0.9315426084981315	0.0	chr10	66350000	67950000	0.8886716686882336	0.0
chr10	75950000	77050000	0.790790557990391	3.844402392613997	chr10	75950000	77000000	0.7071067811865475	3.8859810208109344
chr10	79650000	81150000	0.9483129613858613	8.892967745764063	chr10	79650000	81150000	0.9483129613858613	10.00065216488197
chr10	81150000	82050000	0.9267766952966369	2.5453506448222996	chr10	81150000	82100000	1.0	3.385373512320972
chr10	87150000	88100000	0.9267766952966369	0.0	chr10	87200000	88100000	0.9267766952966369	0.0
chr10	91550000	92500000	0.7720759220056126	0.0	chr10	91500000	92550000	0.7781733707857081	0.0
chr10	98150000	99450000	0.8373956306405352	4.780310099043375	chr10	98200000	99450000	0.7487334524999809	5.874930132863272
chr10	99450000	101100000	0.880130833401557	3.476327677307944	chr10	99450000	101100000	0.880130833401557	2.7412872001163
chr10	101100000	102100000	0.8744743347942345	3.3208972302197868	chr10	101100000	102150000	0.6660277348523264	4.94145066319443
chr10	114200000	115400000	0.8409482154510667	2.8132681417660796	chr10	114300000	115350000	0.9581581115980782	0.1276332797258737
chr10	119100000	120200000	0.9166666666666665	1.8313705879675408	chr10	119050000	120150000	0.7181067922288351	3.8640623028549093
chr10	120800000	121700000	0.7	4.440650246325718	chr10	120750000	121750000	0.7165353620799368	6.2322370308014925
chr10	121700000	122700000	0.9163162231961564	4.636914580355878	chr10	121750000	122650000	0.5537451371165816	5.150695058271243
chr10	127550000	128550000	0.8333333333333334	2.0596148562972223	chr10	127500000	128450000	1.0	4.261468131615368
chr10	130700000	131950000	0.9414213562373095	3.7948057312466523	chr10	130700000	132000000	0.9095177968644246	4.782736174675333
chr11	10900000	11850000	0.5137067878119201	0.17419333307911597	chr11	10900000	11850000	0.5137067878119201	2.2239373385366132
chr11	13450000	14400000	1.0	3.8756572125518822	chr11	13500000	14450000	0.7788854381999831	5.47918743840019
chr11	15750000	16700000	0.8535533905932737	5.89105457835059	chr11	15750000	16700000	0.8535533905932737	7.391802082519347
chr11	20650000	22150000	0.8535533905932737	0.0	chr11	20650000	22150000	0.8535533905932737	0.10433665981473553
chr11	27650000	28600000	0.7071067811865475	1.5897634869849775	chr11	27650000	28600000	0.7071067811865475	3.554998068824301
chr11	31150000	32300000	1.0	4.679855385985	chr11	31150000	32250000	0.9414213562373096	4.99178636315506
chr11	38900000	40200000	0.7869867499538528	0.0	chr11	38900000	40400000	0.8459708691207961	0.0
chr11	40200000	41400000	0.9121320343559642	0.0	chr11	40400000	41500000	1.0	1.3895668117627258
chr11	41400000	42650000	0.8861427157873053	0.0	chr11	41500000	42600000	1.0	0.0
chr11	55550000	56550000	0.882842712474619	0.0	chr11	55650000	56550000	0.5892556509887895	0.0
chr11	61200000	62100000	1.0	6.559939144503425	chr11	61200000	62100000	1.0	5.38252892444148
chr11	71450000	72350000	1.0	4.924163243715493	chr11	71500000	72400000	1.0	4.2510625990604405
chr11	79850000	80900000	0.8242640687119284	0.0	chr11	79950000	81200000	0.9674563090207275	0.0
chr11	80900000	82350000	0.763901289366209	0.0	chr11	81200000	82450000	0.8934933749769264	0.0
chr11	84350000	85250000	0.9414213562373096	0.0	chr11	84300000	85350000	0.9581581115980783	5.2731428593080825
chr11	90000000	91050000	0.9414213562373096	0.0	chr11	89950000	91100000	0.9285714285714286	5.39454843916717
chr11	92600000	93500000	0.882842712474619	2.110752987888818	chr11	92600000	93500000	0.882842712474619	4.217359984178364
chr11	110350000	111300000	1.0	0.10768786931437331	chr11	110350000	111250000	0.7071067811865475	0.06350294230615795
chr11	112100000	113150000	0.8373467368390075	0.026209879322848628	chr11	112050000	113100000	0.9511844635310911	2.043956872790206
chr11	125350000	126250000	0.7722854315746106	4.7460317643799295	chr11	125300000	126250000	0.7357022603955158	4.51028585712005
chr11	126250000	127900000	0.8887820360123073	0.0036022366801955253	chr11	126250000	127950000	0.818685150258339	1.5185351389821802
chr11	128800000	129700000	0.7722854315746106	0.6724253419714956	chr11	128800000	129700000	0.7722854315746106	0.20633064787104957
chr12	18300000	19550000	1.0	0.36064520246021614	chr12	18250000	19400000	0.7071067811865475	0.03280614508324147
chr12	21800000	22800000	1.0	5.290361207686149	chr12	21800000	22800000	1.0	7.592750672177639
chr12	27900000	29200000	0.9201200312326949	2.390598905552461	chr12	28000000	29100000	0.9581581115980782	3.373996142131237
chr12	31400000	32450000	0.8047378541243649	3.077990647684061	chr12	31400000	32500000	0.8795583496854359	4.6254896828684515
chr12	33000000	34200000	0.7429961096932651	1.4541758931858022	chr12	33000000	34200000	0.7429961096932651	3.0953618561228606
chr12	41250000	42450000	0.9707106781186547	0.0	chr12	41450000	42400000	1.0	0.0
chr12	42900000	43800000	0.7071067811865475	4.218393711076788	chr12	42900000	43800000	0.7071067811865475	1.4541758931858022
chr12	44350000	45400000	0.819035593728849	0.09085343045111348	chr12	44300000	45400000	1.0	0.6461626571578937
chr12	45400000	46450000	0.7894427190999915	3.3280465562707424	chr12	45400000	46350000	0.8590533961144176	4.050936965225225
chr12	46450000	47350000	1.0	5.976019877729256	chr12	46350000	47350000	0.8744743347942345	6.364419225355322
chr12	49200000	50150000	0.8535533905932737	8.019244654755767	chr12	49200000	50250000	0.8333333333333334	7.0325736895021915
chr12	52450000	53400000	0.9414213562373096	3.903629213536183	chr12	52350000	53400000	0.8535533905932736	3.901239917823246
chr12	58250000	59650000	0.7850133987732651	3.8790522237837335	chr12	58300000	59650000	0.8873487619948259	3.1432301347768923
chr12	61000000	62600000	0.7501604382739442	0.0	chr12	60900000	62550000	0.7768432618564171	0.0
chr12	67350000	68500000	0.8791886252409294	3.4947356048627967	chr12	67550000	68500000	0.9023689270621825	6.209648311246554
chr12	70150000	71200000	1.0	4.068756785161765	chr12	70200000	71100000	1.0	4.199574198978244
chr12	72400000	74050000	0.8826444717110826	0.0	chr12	72800000	74300000	0.8413706387587709	0.0
chr12	77350000	78550000	0.9633883476483185	1.7384075683401126	chr12	77450000	78450000	0.9511844635310913	2.3190398155625362
chr12	79750000	80700000	0.7269045263121755	2.6235157414905492	chr12	79750000	80700000	0.7269045263121755	4.1588621062084545
chr12	87400000	88400000	0.7071067811865475	0.0	chr12	87350000	88350000	0.9414213562373096	0.0
chr12	100200000	101150000	0.9414213562373095	1.6634711327209155	chr12	100250000	101150000	1.0	3.385737797781725
chr12	102200000	103200000	1.0	3.2620679917923714	chr12	102250000	103250000	0.8535533905932737	4.998233119867702
chr12	104350000	105550000	0.8084045244717941	4.525520809095069	chr12	104650000	105700000	0.6944895939818647	4.94081276402681
chr12	105550000	106700000	0.8535533905932737	4.686724617746093	chr12	105700000	106650000	1.0	0.3895668117627256
chr12	112900000	113800000	1.0	3.386598738625855	chr12	112950000	113850000	1.0	5.50197800343409
chr12	120550000	121800000	0.7899867529653857	7.98786402315227	chr12	120650000	121700000	0.7907905579903911	5.825968087167019
chr12	131250000	132500000	0.8894427190999916	6.070603998681302	chr12	131250000	132550000	0.8894427190999916	7.87005641847295
chr13	25050000	26000000	0.629273453374358	2.6615215958527605	chr13	25000000	26000000	0.8867295401695068	3.7742599514327635
chr13	30700000	31700000	0.7316171919370917	3.606146078065724	chr13	30700000	31700000	0.7316171919370917	6.362805917369572
chr13	34350000	35750000	0.8016990253579134	2.0678107837896214	chr13	34650000	35750000	0.8326324463923127	1.8933622107638715
chr13	36450000	37550000	0.8901650429449552	2.039840264531791	chr13	36400000	37650000	0.9707106781186547	4.093846169827837
chr13	40250000	41400000	0.9267766952966369	3.1540079475590246	chr13	40300000	41400000	0.8535533905932737	3.8001233528265286
chr13	41400000	42850000	0.9224438258837926	3.54256760776422	chr13	41400000	42850000	0.9224438258837926	4.23208509872283
chr13	43500000	44450000	0.8242640687119285	3.2627839162002297	chr13	43250000	44450000	0.9385792883888842	4.166815851761945
chr13	46050000	46950000	1.0	0.5424349481842677	chr13	46050000	46950000	1.0	7.4688043867066956
chr13	47450000	48450000	0.819035593728849	0.0	chr13	47400000	48500000	0.8077600538123579	0.0
chr13	48450000	49350000	1.0	4.354161208430918	chr13	48500000	49400000	0.8535533905932737	4.721406839678461
chr13	49350000	50500000	0.747843437679087	3.795927481737028	chr13	49400000	50500000	0.9581581115980782	4.183053359419842
chr13	50500000	51650000	0.9267766952966369	2.0394308814986117	chr13	50500000	51750000	0.95	4.109221242611993
chr13	58150000	59450000	0.9023689270621824	1.3132458517875616	chr13	58100000	59850000	0.8973139127471975	0.5310694927259542
chr13	63700000	65050000	0.8873487619948262	0.0	chr13	63650000	65000000	0.9549395047979305	0.0
chr13	65050000	66150000	0.8867295401695069	0.0	chr13	65000000	66300000	0.7485622917860579	0.0
chr13	66150000	67900000	0.9633883476483185	1.0071955014042038	chr13	66300000	67900000	0.9400751135722658	1.8073549220576042
chr13	67900000	68850000	0.8535533905932737	0.0	chr13	67900000	68800000	0.8535533905932737	0.0
chr13	68850000	70000000	0.7036492638549277	0.0	chr13	68800000	70000000	0.7433171425132491	0.0
chr13	73300000	74300000	0.7071067811865475	2.0881415968690176	chr13	73250000	74250000	0.9511844635310913	4.400264666008542
chr13	74950000	75950000	0.9511844635310913	0.0	chr13	74900000	75850000	0.6637912502387826	0.0
chr13	83050000	85450000	0.7957559796454294	0.0	chr13	83000000	85400000	0.7922182334293065	0.12432813500220179
chr13	85450000	86550000	1.0	0.0	chr13	85400000	86550000	0.86982523608291	0.007195501404203767
chr13	88400000	89850000	0.8172754816462112	0.0	chr13	88500000	89800000	0.8484983762782887	0.0
chr13	91650000	92850000	0.9674563090207275	0.4802651220544629	chr13	91650000	92800000	0.9163162231961566	0.3045110418099528
chr13	92850000	95100000	0.8146892976602367	0.007195501404203767	chr13	92800000	95100000	0.8097991832750688	0.0
chr13	98550000	99450000	1.0	3.895302621333307	chr13	98450000	99550000	0.844887651767585	5.128045890922992
chr13	100250000	101250000	1.0	1.2393980415665555	chr13	100250000	101250000	1.0	2.269332429734163
chr13	107800000	108900000	0.825191746523308	1.4444903850658142	chr13	107800000	108800000	1.0	0.0
chr13	109550000	110750000	0.8901650429449554	1.1795110502715103	chr13	109600000	110850000	0.9414213562373095	0.33913738491958556
chr14	30000000	30950000	0.9414213562373096	1.7761039880731644	chr14	30000000	30950000	0.9414213562373096	0.007195501404203767
chr14	30950000	31950000	0.7316171919370917	3.3382659291148404	chr14	30950000	31950000	0.7316171919370917	4.765269520690589
chr14	38300000	39500000	0.9023689270621824	7.570994128743228	chr14	38350000	39400000	0.8535533905932736	0.017921907997262315
chr14	46850000	48000000	0.8576783947341317	0.0	chr14	46900000	47800000	0.9414213562373096	0.0
chr14	48000000	48900000	1.0	0.0	chr14	47800000	48900000	0.8326324463923127	0.0
chr14	48900000	50000000	0.9267766952966369	0.0	chr14	48900000	50000000	0.9267766952966369	0.0
chr14	53800000	54850000	0.7071067811865475	7.6729909938277485	chr14	53850000	54850000	0.8867295401695068	0.0
chr14	57000000	57900000	0.7071067811865475	2.430062204551996	chr14	56950000	57850000	0.7071067811865475	4.147713722352154
chr14	58650000	59550000	0.9414213562373096	4.729069313811106	chr14	58650000	59550000	0.9414213562373096	5.54823109794295
chr14	62400000	63750000	0.7929723656440777	6.77190758138322	chr14	62700000	63750000	1.0	0.025028794491522448
chr14	66800000	67750000	0.8535533905932737	1.638460049213781	chr14	66800000	67750000	0.8535533905932737	4.035037329100202
chr14	70000000	71450000	0.843621358445767	3.508301872353306	chr14	70200000	71550000	0.9999999999999999	4.069139700233461
chr14	76150000	77200000	0.7722854315746106	3.571373435973201	chr14	76100000	77200000	0.8333333333333333	4.058244330168459
chr14	78300000	79300000	0.8326324463923127	0.5160151470036649	chr14	78300000	79350000	1.0	0.5753123306874369
chr14	82100000	83050000	0.8535533905932737	0.0	chr14	82100000	83150000	0.9163162231961564	0.0
chr14	89500000	90450000	0.8242640687119285	2.730639955916791	chr14	89500000	90450000	0.8242640687119285	4.365535074984193
chr14	97400000	99850000	0.9062039890204473	0.005399987742589676	chr14	97550000	99800000	0.8641380110480232	0.3490821463910891
chr15	22650000	23650000	0.9414213562373096	3.6177980259027787	chr15	22600000	23650000	1.0	4.31650781910311
chr15	28350000	29400000	0.7269045263121754	3.0229004021100785	chr15	28350000	29300000	0.782842712474619	1.3155662303189488
chr15	40750000	41700000	0.5334982451822127	3.762140792967949	chr15	40700000	41700000	0.6328515852760932	4.399911623934262
chr15	49600000	50500000	0.8242640687119285	1.0257375614136084	chr15	49600000	50500000	0.8242640687119285	2.883425315907177
chr15	53100000	54150000	0.9581581115980783	0.0	chr15	53100000	54150000	0.9581581115980783	0.0
chr15	54150000	55450000	0.8558375965793723	0.0	chr15	54150000	55500000	0.8408977288307016	6.771192316351786
chr15	56650000	57850000	0.9674563090207274	4.067273006528804	chr15	56750000	57700000	0.8894427190999916	3.728192635498049
chr15	69750000	70900000	0.9375	4.794155897876407	chr15	69750000	71000000	0.869866721732691	2.5909612413425993
chr15	70900000	71800000	1.0	4.90552740646254	chr15	71000000	72000000	0.9166666666666666	1.3006118636502704
chr15	84050000	84950000	1.0	0.32192809488736235	chr15	83900000	84950000	0.7011844635310913	0.3796209620557083
chr15	91600000	92600000	0.7722854315746106	0.43562859405209065	chr15	91600000	92650000	0.85	1.3575520046180838
chr15	92600000	93600000	0.5638545534952365	2.9747587304760787	chr15	92650000	93600000	0.8	3.6866405878639643
chr15	96900000	97800000	0.7071067811865475	0.14077865578279594	chr15	96950000	97850000	0.7071067811865475	0.5753123306874369
chr16	2000000	3100000	0.7525381361380528	7.386709616465744	chr16	1950000	3050000	0.9581581115980783	5.7843076667283855
chr16	6750000	8550000	0.8218376618407357	0.0	chr16	6750000	8500000	0.8445487479329892	0.0
chr16	13900000	14850000	0.6380711874576983	3.2024177215751815	chr16	13950000	14850000	0.882842712474619	3.5205793962898917
chr16	15400000	16450000	0.6869486790532873	4.3363726607855275	chr16	15450000	16450000	0.9511844635310913	4.233300107583318
chr16	16450000	17700000	0.8046935136970601	6.072320216032703	chr16	16450000	17700000	0.8046935136970601	4.461397589926159
chr16	21500000	22500000	0.8666666666666668	4.523151767052551	chr16	21500000	22550000	0.7324045318333193	6.055090508415296
chr16	25850000	27050000	0.8169417382415922	0.0	chr16	25800000	27050000	0.8535533905932737	0.0
chr16	50850000	52000000	0.7912578159510714	0.070389327891398	chr16	50950000	52050000	0.9581581115980783	0.04264433740849372
chr16	52000000	53000000	0.9511844635310913	0.0	chr16	52050000	52950000	1.0	0.0
chr16	62250000	63300000	1.0	0.0	chr16	62200000	63350000	0.8901650429449554	0.0
chr16	65200000	66350000	0.8169417382415921	0.0	chr16	65200000	66350000	0.8169417382415921	0.0
chr16	68350000	69300000	0.9023689270621824	3.9740244644471163	chr16	68400000	69300000	0.75	4.095122700032981
chr16	75750000	77150000	0.9098790095958609	0.0	chr16	75800000	77200000	0.9549395047979304	0.30158764660318677
chr16	82500000	83900000	0.8422882667927565	5.6464507064831775	chr16	82000000	83800000	0.9363275611275104	1.8369340113210917
chr17	3550000	4500000	0.7357022603955158	4.7464824985820755	chr17	3500000	4450000	0.7357022603955159	3.595235099451902
chr17	5350000	6400000	0.8894427190999916	4.920531506277905	chr17	5450000	6400000	0.9023689270621824	2.12391445900198
chr17	9600000	10700000	0.8901650429449552	1.1052949428395993	chr17	9650000	10750000	0.8333333333333333	2.4081683707081063
chr17	10700000	11950000	0.8105777222858805	1.2606279081266987	chr17	10750000	11900000	0.7036492638549277	1.9554368049094677
chr17	11950000	12950000	0.7212496525266316	4.343526265304398	chr17	11900000	13000000	0.7669223286977438	4.11153216121894
chr17	44050000	45050000	1.0	3.4740820076576324	chr17	44050000	45100000	0.9166666666666666	3.7612409420806876
chr17	60450000	61850000	0.8420933534999968	4.576805539798239	chr17	60350000	61800000	0.9395943126204648	3.6479284549964306
chr17	63200000	64150000	0.782842712474619	0.611172380044005	chr17	63200000	64150000	0.782842712474619	1.1473066987802936
chr17	72800000	73800000	0.9511844635310913	5.3024182843970635	chr17	72900000	73800000	1.0	5.721825481441926
chr17	77700000	79050000	0.9078689325833263	4.330578317816892	chr17	78000000	79050000	0.9511844635310913	3.642495292783868
chr18	4100000	5150000	0.5514401255621685	0.014355292977070055	chr18	4000000	5100000	0.7536629600351641	4.568640195419223
chr18	31450000	32450000	1.0	1.835924074254375	chr18	31400000	32400000	1.0	2.4121040446775694
chr18	33500000	34400000	0.7203067944372926	3.4280530351181002	chr18	33550000	34450000	1.0	5.646486708605354
chr18	39600000	41150000	0.8641090754481908	0.007195501404203767	chr18	39550000	41100000	0.9023689270621824	0.0
chr18	43700000	44650000	0.7269045263121755	0.9818526532897407	chr18	43700000	44650000	0.7269045263121755	1.9647682696740478
chr18	46050000	46950000	0.8242640687119285	3.4995270242150958	chr18	46100000	47000000	0.7071067811865475	4.702380501615525
chr18	64750000	66400000	0.8552033922496168	2.571272297129114	chr18	64750000	66450000	0.9201200312326948	4.794589152644337
chr18	72250000	73250000	0.8535533905932737	1.8663145613770473	chr18	72300000	73250000	0.8666666666666668	3.764340846670181
chr18	75550000	76950000	0.9549395047979304	2.94063660720115	chr18	75500000	76800000	0.9023689270621825	0.0
chr19	4700000	5750000	0.9511844635310913	5.9615152918789605	chr19	4650000	5750000	0.7601100286299701	5.669434308987067
chr19	10050000	11050000	0.9581581115980782	5.093060634579157	chr19	10000000	11000000	0.6782209851009182	4.639133132248811
chr19	11700000	12900000	0.9210305136428512	4.665348838712988	chr19	11700000	12850000	0.6353162279285653	3.7595770188470996
chr19	12900000	13900000	0.8860379610028064	6.274186384507218	chr19	12850000	13850000	0.5527455120536571	4.738801607356271
chr19	17400000	18450000	1.0	6.4019935140182875	chr19	17450000	18450000	0.9163162231961566	5.370192410433827
chr19	33550000	34900000	0.9027777777777777	4.657640005207825	chr19	33600000	34950000	0.6848412532008142	5.069131328541674
chr19	41800000	43000000	0.7449127387225145	5.701079044948801	chr19	42150000	43050000	0.8618033988749895	6.285638184164078
chr19	43000000	43950000	0.8047378541243649	0.21412480535284734	chr19	43050000	43950000	0.8333333333333334	1.044643915054842
chr19	43950000	45100000	0.7885800941716263	2.9810095471738656	chr19	43950000	45150000	0.8744743347942345	3.250185165742901
chr19	45400000	46300000	0.9267766952966369	4.564193810371613	chr19	45150000	46300000	0.6580097032947638	4.461286256462511
chr2	3800000	4900000	0.8169417382415922	0.0	chr2	3850000	4850000	0.7071067811865475	0.0
chr2	6950000	8850000	0.8368871000624971	2.950468414150123	chr2	6950000	8900000	0.7006958085495562	6.551765929823499
chr2	10850000	11800000	1.0	4.522118539187344	chr2	10850000	11850000	0.8571428571428571	4.361534440482137
chr2	16700000	17700000	0.7240762770085143	1.993674361750585	chr2	16650000	17700000	0.8047378541243649	2.612352498752662
chr2	18600000	19600000	1.0	1.3088850574117634	chr2	18550000	19550000	0.844887651767585	2.8087282634662976
chr2	30950000	31900000	1.0	1.028569152196771	chr2	30950000	31900000	1.0	2.1417597473138996
chr2	32750000	33850000	1.0	4.451458409785833	chr2	32850000	33900000	1.0	4.918088027570219
chr2	33850000	35500000	0.9149990737364917	0.0	chr2	33900000	35750000	0.8502752846533829	0.0
chr2	38150000	39050000	1.0	4.321464296938413	chr2	38150000	39050000	1.0	6.1695385135065575
chr2	40900000	42000000	0.7509739283128184	0.0	chr2	40950000	42000000	0.7349506986804325	0.0
chr2	48900000	49850000	0.9267766952966369	0.0	chr2	48800000	49800000	0.9285714285714286	0.01910882294770474
chr2	53100000	54000000	0.7071067811865475	1.5084286525318573	chr2	52950000	54050000	0.6728909151214274	4.220523436411515
chr2	54000000	54950000	0.9414213562373096	3.4086439359350926	chr2	54050000	54950000	0.9267766952966369	3.642509045638126
chr2	54950000	55850000	0.8242640687119285	6.705718773699627	chr2	54950000	55850000	0.8242640687119285	8.233326075221141
chr2	59150000	60850000	0.8727326838446486	0.056583528366367514	chr2	58650000	60900000	0.8242272561205501	0.0
chr2	74700000	76000000	0.8590533961144177	4.224032147983792	chr2	74800000	75900000	0.7368033988749895	4.833070791690307
chr2	99050000	100150000	1.0	3.0482943201617863	chr2	99050000	100150000	1.0	4.482654706346898
chr2	102550000	103450000	1.0	1.9382857918840528	chr2	102500000	103450000	1.0	2.320747224886642
chr2	105650000	106700000	0.7702200572599404	5.397194486509358	chr2	105600000	106700000	0.8130805229265299	3.3653503751784917
chr2	107250000	108800000	0.804737854124365	0.00480098626382128	chr2	107250000	108850000	0.8118221685504603	0.0024024902153046133
chr2	114850000	118550000	0.6579308833358513	0.0	chr2	114850000	118050000	0.7043058359503879	0.0
chr2	121000000	122050000	0.8373467368390075	0.019701914442548207	chr2	121100000	122050000	0.9078689325833262	0.014355292977070055
chr2	129550000	130600000	0.9163162231961564	0.0	chr2	129450000	130750000	0.8779611588277282	0.0
chr2	137250000	138600000	0.9511844635310913	0.0	chr2	137650000	138600000	0.8535533905932736	0.0
chr2	138600000	139600000	0.8678511301977578	1.7683607904417404	chr2	138600000	139600000	0.8678511301977578	3.1396877710118107
chr2	143900000	145250000	0.8873487619948259	3.0027025203798234	chr2	144250000	145400000	1.0	3.3930042568983216
chr2	145250000	146600000	0.8104256850717491	3.6176511194273306	chr2	145400000	146650000	0.8767766952966368	0.0
chr2	160850000	162200000	0.8539983817994324	4.304291992533389	chr2	160900000	161950000	0.875	0.09536185612286018
chr2	162200000	163200000	0.8535533905932736	1.2056606137816521	chr2	162250000	163150000	0.882842712474619	1.414676780426886
chr2	180900000	181900000	0.844887651767585	6.135042286233652	chr2	180850000	181850000	0.8744743347942348	4.428443926153614
chr2	188400000	189400000	0.9023689270621825	5.925702781351336	chr2	188400000	189350000	0.8535533905932737	0.7441610955704102
chr2	197650000	199200000	0.9137340886388865	4.438403755606637	chr2	197700000	199150000	0.7834708691207962	6.747542328798613
chr2	199200000	200700000	0.9471404520791031	0.4436066514756146	chr2	199150000	200700000	0.96875	0.5160151470036649
chr2	203200000	204200000	0.7907905579903909	2.8841094513592296	chr2	203200000	204300000	0.9	4.636878338566241
chr2	205750000	206900000	0.7993033988749895	6.696758928739037	chr2	205700000	206850000	0.9633883476483185	0.24488705912353448
chr2	209200000	210150000	0.9511844635310913	0.0	chr2	209150000	210150000	0.9163162231961564	0.021479727410451396
chr2	217500000	218550000	1.0	0.014355292977070055	chr2	217550000	218550000	0.9163162231961564	0.0
chr2	226550000	228050000	0.96875	1.0908534304511135	chr2	226600000	228050000	0.8975891973670658	2.907371413823564
chr2	230600000	231800000	0.6349978387184807	3.454175893185802	chr2	230550000	231700000	0.8053311757325766	6.106792648351174
chr20	9450000	10500000	0.882842712474619	1.269531917433719	chr20	9350000	10450000	0.790790557990391	2.6904170955324664
chr20	10500000	11550000	0.8373467368390075	2.4161641647331282	chr20	10450000	11600000	0.9163162231961564	1.297191416565856
chr20	11550000	12850000	0.8102378596455088	3.6199998298213574	chr20	11600000	12850000	0.8080988451387283	3.399854673572431
chr20	12850000	14100000	0.9707106781186547	1.0937533209569084	chr20	12850000	14100000	0.9707106781186547	3.3167663897715833
chr20	17400000	18350000	0.8666666666666668	3.910684699169456	chr20	17400000	18300000	0.5669417382415922	5.211576852896398
chr20	30050000	31400000	0.882842712474619	4.587615020406401	chr20	30000000	31350000	0.9414213562373095	3.5670492627401553
chr20	50850000	52050000	1.0	0.007195501404203767	chr20	50350000	52050000	0.8580533951105733	2.18269229751619
chr20	58550000	60550000	0.7786253528861844	0.05426966252812099	chr20	58550000	60500000	0.7789369449646701	0.152724260688704
chr20	60550000	61550000	0.9166666666666665	8.036657701092041	chr20	60500000	61500000	0.7614223231766	7.251015695231157
chr21	31350000	32400000	0.7071067811865475	0.0	chr21	31350000	32400000	0.7071067811865475	0.01738207822823655
chr21	37500000	38400000	1.0	1.9500536082125643	chr21	37400000	38400000	1.0	2.852914384808086
chr21	39700000	40700000	0.8326324463923127	5.417008586788777	chr21	39900000	40850000	0.9078689325833262	5.933705406359853
chr21	40700000	42450000	0.9201200312326946	3.8026527837342403	chr21	40850000	42500000	0.7809913034122024	0.004321605950093468
chr22	29700000	30700000	1.0	4.598910513800375	chr22	29700000	30650000	1.0	4.287643128525449
chr22	35600000	36850000	0.664902910955215	4.7692427951405385	chr22	35650000	36600000	0.8047378541243649	4.343437433961095
chr22	48900000	50100000	0.7947213595499959	1.4141355329844512	chr22	48850000	50100000	0.8535533905932737	1.3381866797511526
chr3	2200000	3250000	0.9023689270621826	2.71699089440494	chr3	2200000	3250000	0.9023689270621826	4.498570012544255
chr3	3250000	4250000	1.0	0.021479727410451396	chr3	3250000	4250000	1.0	0.0
chr3	7000000	8300000	0.7591173116221868	0.0	chr3	6950000	8350000	0.8934195548056985	0.0
chr3	23000000	24000000	0.7071067811865475	9.451347130952527	chr3	23000000	24000000	0.7071067811865475	9.009702673409581
chr3	25800000	27200000	0.7725698210163476	1.6386531164661118	chr3	26100000	27200000	0.7955048484370857	0.0
chr3	28850000	30000000	0.934912618041455	3.4309542713857293	chr3	28500000	30050000	0.9186733684195038	1.9653225483672547
chr3	34750000	36000000	0.9201200312326948	0.0	chr3	34850000	36000000	0.8698252360829098	0.0
chr3	40300000	41400000	0.6747912612810701	6.6234425806578106	chr3	40350000	41300000	1.0	6.602704166597718
chr3	41900000	42850000	0.804737854124365	3.2489901604413025	chr3	41900000	42850000	0.804737854124365	4.778313725265952
chr3	50350000	51450000	0.6155201076247159	6.006003417400173	chr3	50350000	51400000	0.882842712474619	3.603266023597218
chr3	67000000	67900000	0.6683281572999747	1.790772037862	chr3	66950000	67950000	0.8420610272857022	5.048759311919855
chr3	67900000	69000000	0.7071067811865475	0.03562390973072122	chr3	67950000	69000000	0.6481812160876685	0.021479727410451396
chr3	74050000	75200000	0.9267766952966369	0.04963076772460043	chr3	73750000	75150000	0.8222964832784034	0.12432813500220179
chr3	77350000	78650000	0.8922588984322122	0.0	chr3	77400000	78600000	0.8707106781186547	0.0
chr3	79550000	80700000	0.7910533905932737	2.097610796626422	chr3	79500000	80700000	0.86982523608291	5.281512801799726
chr3	87200000	88350000	0.9375	2.4386730584705	chr3	87300000	88250000	0.804737854124365	4.274385919044549
chr3	95250000	96600000	0.7972277715906867	0.1473066987802935	chr3	95550000	96600000	0.8190355937288492	1.2942531364445142
chr3	102450000	103650000	0.8947213595499958	0.0	chr3	102450000	103850000	0.9774697523989653	0.0
chr3	106850000	108250000	0.8873487619948262	2.8424760629939394	chr3	106900000	108250000	0.840686081427857	4.743308505204019
chr3	108800000	109900000	0.6629126073623882	0.021479727410451396	chr3	108850000	110050000	0.7949747468305831	0.32768736417604716
chr3	125350000	126250000	0.7071067811865475	3.515314367351819	chr3	125350000	126300000	1.0	2.1563966165976653
chr3	133250000	134300000	0.9511844635310913	4.274973174660431	chr3	133450000	134350000	1.0	4.09550251765867
chr3	134300000	135700000	0.8395548894133151	0.9975935022929048	chr3	134350000	135700000	0.9012921420339177	0.021479727410451396
chr3	135700000	136800000	0.9023689270621824	3.4091646132819724	chr3	135700000	136800000	0.9023689270621824	4.905206468795706
chr3	136800000	137750000	0.7071067811865475	0.0	chr3	136800000	137800000	0.9078689325833262	0.10097764772482092
chr3	137750000	138750000	0.8030457633656634	2.5070757558992347	chr3	137800000	138750000	0.8	3.5323585229818337
chr3	152650000	154000000	0.7844168717389138	1.8339020766691634	chr3	152700000	153950000	0.8747546895706428	1.6415460290875237
chr3	160250000	161250000	0.7536629600351641	2.330148601692331	chr3	160250000	161200000	0.7071067811865475	4.020961424893331
chr3	165650000	166950000	0.7603600936980843	0.0	chr3	165650000	166950000	0.7603600936980843	0.0
chr3	167650000	168650000	1.0	2.952333566369686	chr3	167750000	168650000	0.782842712474619	3.2816982500988297
chr3	179450000	180400000	0.5722854315746106	2.2831809789455697	chr3	179400000	180400000	0.6380711874576983	5.436211820954217
chr3	189600000	191200000	0.9494968481326254	1.8753869045864557	chr3	189650000	191250000	0.8966259227717226	4.199397519606294
chr3	191200000	192250000	1.0	0.0	chr3	191250000	192200000	0.7651650429449552	0.0
chr3	193350000	194250000	1.0	4.627256626927326	chr3	193300000	194200000	1.0	3.828580810276605
chr4	650000	1800000	0.9023689270621825	5.037554115794603	chr4	650000	1700000	0.8239667075666242	4.521629365650102
chr4	4900000	5950000	0.9511844635310913	2.730277651786085	chr4	5000000	5900000	1.0	1.1121440737558184
chr4	13600000	14850000	1.0	2.00539998774259	chr4	13650000	15200000	0.9674563090207274	3.0435194936627425
chr4	16400000	17500000	0.8901650429449554	7.097926772909684	chr4	16400000	17500000	0.8901650429449554	0.0
chr4	17500000	18650000	1.0	3.5888645181901477	chr4	17500000	18650000	1.0	5.317570894506464
chr4	20700000	21800000	0.68977530353517	0.0	chr4	20800000	21750000	0.6637912502387825	0.0
chr4	22750000	23750000	1.0	0.0	chr4	22900000	23800000	0.9414213562373096	0.0
chr4	24400000	25300000	1.0	3.3053625840823435	chr4	24400000	25400000	0.882842712474619	5.286003216596784
chr4	33600000	35950000	0.8377207140204913	0.0	chr4	32950000	35400000	0.7912467100481716	0.0
chr4	41950000	43000000	0.7857142857142858	2.550900664647523	chr4	41900000	42950000	0.8	4.8431583496185695
chr4	48200000	49100000	0.7071067811865475	4.360978730952455	chr4	48100000	49050000	1.0	5.077480389721814
chr4	65550000	67650000	0.7873882410364307	0.29865831556451516	chr4	65550000	68250000	0.7227246995579591	0.0
chr4	68250000	69250000	0.7357022603955158	2.0073749299276478	chr4	68250000	69150000	1.0	3.456733151277622
chr4	69250000	70150000	1.0	0.0	chr4	69150000	70150000	0.8894427190999916	2.991559637199347
chr4	70150000	71400000	0.8308640753373011	1.7372747099851702	chr4	70450000	71400000	0.5514401255621684	0.011853405743789227
chr4	74050000	75050000	0.8496019422142798	2.2914009594836915	chr4	74000000	75050000	0.7071067811865475	1.9366379390025705
chr4	76950000	78150000	0.8914213562373094	4.092661054134317	chr4	76950000	78150000	0.8914213562373094	5.200368096729045
chr4	81300000	82200000	1.0	0.0	chr4	81200000	82150000	0.8535533905932737	0.3334237337251918
chr4	82200000	83200000	1.0	0.014355292977070055	chr4	82150000	83200000	0.882842712474619	0.09085343045111348
chr4	84450000	85450000	1.0	0.1342209397606334	chr4	84450000	85500000	1.0	0.21723071622066917
chr4	90100000	91250000	0.7967216809816519	5.328091448995246	chr4	90150000	91300000	0.9349126180414551	1.1626934322112366
chr4	99000000	100000000	0.8571428571428572	4.0399279743558685	chr4	98950000	99900000	0.7071067811865475	5.110926946993474
chr4	104900000	105850000	1.0	0.0	chr4	104850000	105850000	0.9285714285714286	2.970853654340483
chr4	112950000	114100000	0.8734919064303392	1.4633608858166582	chr4	112950000	114200000	0.8934933749769263	5.140548615912917
chr4	127550000	128450000	0.8535533905932737	0.0	chr4	127450000	128500000	0.8535533905932737	0.0
chr4	129050000	130150000	0.9267766952966369	2.46532151358055	chr4	129050000	130150000	0.9267766952966369	4.273982042099106
chr4	134150000	135850000	0.878564869306645	0.3729520979118291	chr4	133950000	135900000	0.8661902207134486	0.12432813500220179
chr4	145050000	146000000	0.9166666666666667	5.733535118139393	chr4	145050000	146000000	0.9166666666666667	0.15919859484925394
chr4	148900000	150150000	0.7429961096932651	2.0565835283663674	chr4	148950000	150200000	0.7869867499538525	0.08406426478847455
chr4	150850000	151950000	1.0	2.3214471163728594	chr4	150850000	152000000	1.0	4.216842842837263
chr4	160450000	162150000	0.8744743347942348	0.0	chr4	160400000	162050000	0.8744743347942345	0.0
chr4	164550000	165700000	0.8169417382415921	0.0	chr4	164400000	165600000	0.7283080801639166	4.137503523749936
chr5	6800000	7850000	1.0	0.02856915219677092	chr5	6850000	7850000	1.0	0.056583528366367514
chr5	11350000	13900000	0.7674102964607497	0.0	chr5	11950000	13900000	0.821809496202351	0.0
chr5	17300000	18400000	0.8153009687409354	0.0	chr5	17200000	18350000	0.9375	6.804647329694112
chr5	25600000	28800000	0.6977939410231648	0.0	chr5	24550000	28900000	0.573194481353531	0.03562390973072122
chr5	28800000	31350000	0.7383794415740834	0.07724299893246035	chr5	28900000	31350000	0.8271047211448379	0.0
chr5	35000000	36050000	0.9023689270621826	0.18541350871132015	chr5	35000000	36050000	0.9023689270621826	2.2298076280697736
chr5	52350000	53650000	0.8462400684884556	4.134323633645497	chr5	52400000	53650000	0.8894427190999916	5.08666701791074
chr5	66550000	67650000	0.9267766952966369	0.8738131983590871	chr5	66450000	67550000	0.7071067811865475	2.298658315564515
chr5	73200000	74100000	0.48240453183331927	5.274634402517586	chr5	73150000	74050000	1.0	5.702519029153285
chr5	80600000	81550000	0.8535533905932737	1.9523335663696855	chr5	80600000	81600000	0.8333333333333333	9.203296608347863
chr5	82950000	83900000	0.9511844635310911	1.876762490781555	chr5	82900000	83800000	0.6031495069119116	0.0036022366801955253
chr5	83900000	85700000	0.751543289325507	0.0	chr5	84350000	86200000	0.7667323750308505	9.66194729282418
chr5	94850000	96050000	0.8642766952966369	3.2085314477598623	chr5	94850000	96000000	0.9210305136428512	5.047649424483401
chr5	98350000	99750000	0.8601533972186464	0.0	chr5	98450000	99700000	0.7629194110839421	0.0
chr5	107800000	108850000	0.9023689270621824	3.140369670651527	chr5	107700000	108850000	0.9163162231961564	5.032615159858383
chr5	112950000	113850000	0.408113883008419	0.18903382439001712	chr5	113000000	113950000	0.882842712474619	1.7484612330040359
chr5	118850000	120000000	0.7654541440584456	0.4302852729777807	chr5	118900000	120000000	0.7821248191647024	0.0036022366801955253
chr5	120000000	121350000	0.7925616045307005	0.4905701304462014	chr5	120000000	121400000	0.8492205211804293	2.3504972470841334
chr5	121350000	122950000	0.8275186481971635	3.1141819097864305	chr5	121800000	123000000	0.7853926598955111	3.84749588378871
chr5	125950000	126900000	0.7071067811865475	4.0971893872351135	chr5	125600000	126850000	0.7343304503977202	4.534069386277888
chr5	132400000	133400000	0.8571428571428572	5.049848549450561	chr5	132350000	133350000	0.6328515852760932	6.031152550421214
chr5	143600000	145500000	0.806259715338854	0.8145504234618081	chr5	143600000	145400000	0.8754336516702357	0.13531596451217093
chr5	148650000	149900000	0.9201200312326948	6.151458759826761	chr5	148650000	149750000	0.9285714285714286	3.5130695822393707
chr5	164000000	165050000	0.9285714285714286	0.0	chr5	164000000	164900000	0.9267766952966369	0.0
chr5	165050000	166400000	0.7485622917860578	0.0	chr5	164900000	166550000	0.845262593066622	0.0
chr5	179000000	180050000	0.9511844635310911	5.61774905873974	chr5	179000000	180050000	0.9511844635310911	6.077824536997546
chr6	1500000	2800000	0.7561093857666583	3.5391588111080314	chr6	1500000	2700000	0.827468177277773	3.392088405389457
chr6	3100000	4100000	0.7630915409285535	4.183378237891133	chr6	3150000	4200000	0.7955048484370857	3.9163463530300495
chr6	17650000	18650000	0.7535533905932736	3.282969253814446	chr6	17550000	18600000	0.882842712474619	4.998534018279178
chr6	18650000	20100000	0.8117115021913519	0.007195501404203767	chr6	18600000	20050000	0.8633164978870556	0.0
chr6	20450000	21550000	0.9267766952966369	2.2448870591235344	chr6	20550000	21600000	0.9414213562373096	3.94345253855882
chr6	25150000	26050000	0.7236067977499789	3.253099427776074	chr6	25100000	26050000	1.0	3.7086092237956927
chr6	44400000	45300000	0.7071067811865475	0.017921907997262315	chr6	44400000	45350000	1.0	0.8059802720813869
chr6	72850000	74000000	0.6569275828732759	0.05426966252812099	chr6	73100000	74000000	1.0	2.3766608275657886
chr6	79600000	80700000	0.7951783947341315	2.591679416935737	chr6	79500000	80600000	0.9163162231961564	5.792933418163806
chr6	85050000	86400000	0.9040440114519881	5.030225708861599	chr6	85050000	86050000	0.9163162231961565	2.4168397419128294
chr6	89600000	90500000	1.0	2.361130309326542	chr6	89650000	90550000	0.8535533905932737	4.214642921731514
chr6	94200000	95750000	0.8642766952966369	0.0	chr6	94200000	95750000	0.8642766952966369	0.0
chr6	100400000	101300000	1.0	0.0600473836699389	chr6	100350000	101350000	0.6032649022494437	4.056583528366368
chr6	107350000	108250000	0.7368033988749895	1.6177686458043976	chr6	107400000	108300000	0.75	3.7056462095231373
chr6	109750000	110750000	0.6403925002046706	2.7582837927133768	chr6	109850000	110800000	0.9511844635310911	3.0727489515606408
chr6	118100000	119250000	0.7002667531989903	1.8469946869655733	chr6	118200000	119350000	0.9309016994374948	3.113200402663948
chr6	122700000	123700000	0.7324045318333192	2.8063240573900288	chr6	122550000	123650000	0.7276539805899218	3.7438919109365685
chr6	134350000	135300000	0.9267766952966369	4.824004050933153	chr6	134350000	135250000	0.9023689270621825	0.3045110418099531
chr6	140300000	141300000	0.8791886252409293	0.0	chr6	140350000	141250000	0.7071067811865475	0.0
chr6	142850000	143800000	0.8242640687119285	2.535057594894842	chr6	142850000	143800000	0.8242640687119285	4.6462202716241014
chr6	157600000	158550000	0.8047378541243649	3.924218679748503	chr6	157550000	158500000	0.8157378651666526	2.6319773202387453
chr6	161850000	163550000	0.8760457649431328	0.0600473836699389	chr6	161850000	163650000	0.8724469850471552	0.00480098626382128
chr7	13350000	14600000	0.8535533905932737	2.5434958834257717	chr7	13350000	14600000	0.8535533905932737	2.658782734012828
chr7	15250000	16150000	0.8017766952966369	2.239550796613645	chr7	15200000	16100000	0.8017766952966369	0.07382023329167138
chr7	27250000	28200000	1.0	4.671104624520178	chr7	27250000	28150000	0.7071067811865475	5.226315849335487
chr7	40850000	41900000	0.9023689270621824	3.9959367035045874	chr7	40850000	41950000	0.9375	0.056583528366367514
chr7	66850000	68900000	0.7904816624495873	0.0	chr7	66850000	69600000	0.7766360681872132	4.460742563789644
chr7	70250000	71200000	0.9414213562373095	0.0	chr7	70300000	71250000	0.7414213562373095	0.09085343045111348
chr7	71200000	72400000	0.9281725989548082	2.127633279725874	chr7	71250000	72300000	0.8744743347942345	3.5807484917637744
chr7	75050000	76100000	0.9163162231961564	7.782553658422222	chr7	75000000	76050000	0.8535533905932736	3.8614591663615125
chr7	77600000	78850000	0.9121320343559642	0.0	chr7	77700000	78900000	0.934912618041455	0.0
chr7	97550000	98450000	1.0	4.549273110042013	chr7	97600000	98500000	0.9267766952966369	2.7650632003411655
chr7	101050000	102150000	0.8744743347942348	4.717710690950173	chr7	101000000	102200000	0.9267766952966369	3.7341134540440692
chr7	108250000	110250000	0.7630213835129716	0.0	chr7	108250000	110600000	0.7678440859015901	0.0
chr7	125400000	126600000	0.9349126180414551	0.0	chr7	125450000	126550000	0.7803300858899106	0.0
chr7	142000000	142950000	0.782842712474619	2.8453466703995454	chr7	142000000	143100000	1.0	2.491313039221356
chr7	152600000	154100000	0.7948446513295127	0.0	chr7	152600000	153700000	0.8169417382415922	0.014355292977070055
chr7	154600000	155550000	0.882842712474619	3.3355094577271713	chr7	154550000	155600000	0.819035593728849	3.9982707356013636
chr7	155550000	156550000	0.9581581115980782	0.8073549220576041	chr7	155600000	156600000	0.9023689270621824	1.33771109212829
chr7	157200000	158350000	1.0	0.0	chr7	157250000	158350000	0.9581581115980783	0.0
chr8	3200000	6150000	0.7868340780961227	0.007195501404203767	chr8	2850000	6050000	0.7114474081024451	0.8953026213333065
chr8	6750000	8000000	0.7324019192519385	0.0	chr8	6800000	8000000	0.9385792883888842	0.0013109451523470883
chr8	8000000	9050000	1.0	2.533563348214512	chr8	8000000	9050000	1.0	2.0305883198334227
chr8	12500000	13600000	0.7153567894682632	3.900021467037781	chr8	12500000	13600000	0.7153567894682632	2.820689560559215
chr8	20850000	21850000	0.9511844635310913	3.335330799489851	chr8	20850000	21750000	0.7071067811865475	0.03562390973072122
chr8	21850000	22900000	0.6683281572999747	4.442902038499025	chr8	21750000	22950000	0.644542187685626	4.0700519235281725
chr8	36650000	37650000	0.9210305136428512	3.7888944791604415	chr8	36600000	37600000	0.6479334151332481	2.47864829453918
chr8	37650000	38700000	0.9	4.914833568684222	chr8	37600000	38750000	0.8059016994374948	4.889338330856965
chr8	55600000	56550000	1.0	0.0	chr8	55500000	56550000	1.0	0.025028794491522448
chr8	62600000	64300000	0.9229228371543545	3.6603810352424113	chr8	62600000	64100000	0.9633883476483185	4.147550926703044
chr8	64300000	65350000	1.0	0.0	chr8	64100000	65350000	0.8558375965793723	0.0
chr8	71650000	72650000	0.9414213562373096	0.0	chr8	71650000	72650000	0.9414213562373096	0.1984941536390832
chr8	76300000	77250000	0.8047378541243649	0.0	chr8	76200000	77200000	1.0	4.715618859074816
chr8	77250000	78400000	0.9210305136428512	2.36667191611176	chr8	77200000	78400000	0.934912618041455	5.340829278196037
chr8	82700000	84300000	0.8394603930687281	1.0179219079972623	chr8	82700000	84650000	0.7916177336401445	2.0925457415435655
chr8	87600000	88550000	0.8535533905932736	0.0	chr8	87600000	88650000	0.7071067811865475	0.08406426478847455
chr8	96300000	97300000	0.7479422850033065	5.02768487693716	chr8	96350000	97350000	1.0	6.687428175934548
chr8	97300000	98600000	0.7832225368060215	3.3015876466031866	chr8	97350000	98550000	0.7760507643665735	3.644433152406245
chr8	106850000	107800000	1.0	1.710393192170516	chr8	106850000	107950000	1.0	2.5643781685650637
chr8	108800000	109800000	0.8333333333333334	5.105751400738538	chr8	108800000	109800000	0.8333333333333334	7.573902760432765
chr8	127800000	128750000	0.9	5.0410019871675065	chr8	127750000	128800000	0.6194715560037098	4.452035273546196
chr8	130850000	131800000	0.9414213562373096	4.35102755219611	chr8	130800000	131800000	0.9078689325833263	5.588764598181735
chr8	131800000	133100000	1.0	1.4982508675278254	chr8	131800000	133100000	1.0	3.2090633953492707
chr9	1000000	1950000	0.9267766952966369	0.0	chr9	1100000	2150000	0.8242640687119285	6.585788808074967
chr9	4700000	5750000	0.6162022659166596	2.450119958434289	chr9	4650000	5750000	0.9023689270621824	4.224315269469613
chr9	5750000	6800000	0.9414213562373096	2.885183866320351	chr9	5750000	6850000	1.0	4.812831906235509
chr9	13100000	14400000	0.9511844635310913	4.039796407620026	chr9	13250000	14350000	0.790790557990391	0.007195501404203767
chr9	15750000	17000000	0.9	2.3362833878644325	chr9	15750000	16850000	0.6944895939818646	0.04963076772460043
chr9	33050000	34600000	0.9511844635310912	3.6325211202316683	chr9	33350000	34650000	0.866866718721158	3.3738801745220837
chr9	34600000	35700000	0.9163162231961564	4.739358707433395	chr9	34650000	35650000	0.9023689270621825	4.196242204182796
chr9	35700000	36750000	0.651266921876589	4.662689735434052	chr9	35650000	36800000	0.7834708691207961	3.981670022105132
chr9	76300000	77250000	1.0	0.007195501404203767	chr9	76300000	77250000	1.0	0.02856915219677092
chr9	81000000	81900000	1.0	0.0	chr9	81050000	81950000	0.7071067811865475	0.0
chr9	87000000	88400000	0.8286809980133187	1.1259816538547154	chr9	87050000	88300000	0.7977855200223771	2.771885578515366
chr9	93650000	94800000	0.8901650429449552	1.270030516035844	chr9	93650000	94800000	0.8901650429449552	1.867896463992655
chr9	98000000	99000000	0.7421086416009122	1.6920923754275725	chr9	98000000	99000000	0.7421086416009122	3.1436383099220366
chr9	103400000	104350000	1.0	1.2889912769355711	chr9	103350000	104350000	1.0	3.2456477736367515
chr9	104350000	106750000	0.7926937587765611	0.0	chr9	104350000	107500000	0.6043180908517797	2.0344505098767804
chr9	107450000	108500000	0.9166666666666666	2.248433633442072	chr9	107500000	108600000	0.6631391552437635	4.070389327891398
chr9	108500000	109400000	0.7071067811865475	0.0	chr9	108600000	109500000	0.9267766952966369	0.0
chr9	110100000	111550000	0.921895141649746	0.8953026213333065	chr9	110150000	111600000	0.9360293409679921	0.0874628412503394
chr9	113050000	114150000	0.9163162231961564	0.6789733078541699	chr9	113350000	114250000	1.0	4.187747955768911
chr9	122200000	123250000	0.9581581115980782	0.0	chr9	122200000	123250000	0.9581581115980782	0.0
chr9	123250000	124200000	1.0	4.951168128838912	chr9	123250000	124150000	0.882842712474619	4.66666192374993
chr9	127250000	128150000	1.0	7.026528053234804	chr9	127250000	128150000	1.0	7.459230091760892
chr9	130850000	131850000	0.9511844635310913	5.147186964107852	chr9	130900000	131800000	1.0	4.4623373498127075
chr9	139600000	140500000	0.8535533905932737	5.309982656324699	chr9	139250000	140450000	1.0	3.565124250538724
chrX	1350000	2750000	0.8698954425671548	6.564384520230432	chrX	1750000	2750000	0.9166666666666667	3.703765178793409
chrX	2750000	3800000	0.7071067811865475	2.5055734002820182	chrX	2750000	3850000	0.8901650429449554	2.9378151688034193
chrX	8750000	10100000	0.7057428132165271	2.748307877166433	chrX	8750000	9850000	0.5252750715749255	1.620117165028684
chrX	16800000	17800000	0.6699791832313204	3.7451297445954226	chrX	16750000	17750000	0.9023689270621825	6.053165653774413
chrX	21950000	22850000	0.5771601883432527	3.6505731059893054	chrX	21850000	22850000	0.8590533961144176	5.098453246309274
chrX	25200000	26650000	0.7986359120657514	0.0	chrX	25300000	26600000	0.6919417382415922	0.01673401575980127
chrX	30100000	31800000	0.9389431448822466	0.9115850666786045	chrX	30000000	31850000	0.8377644658668334	3.7761039880731646
chrX	33450000	34350000	1.0	0.0	chrX	33400000	34450000	0.9023689270621824	0.0
chrX	34350000	35850000	0.9102866902442892	2.2849089054565566	chrX	34450000	35950000	0.9483129613858614	0.15866017534649812
chrX	35850000	36950000	0.7907905579903909	0.007195501404203767	chrX	35950000	37050000	0.7907905579903909	0.30645668612492233
chrX	36950000	38450000	0.8901650429449552	3.3959591945572933	chrX	37050000	38450000	0.8448267308794382	2.966937979278458
chrX	71000000	72100000	1.0	6.256958218114457	chrX	71050000	71950000	0.7414213562373095	8.065604621948506
chrX	72100000	73050000	0.9023689270621824	0.356948661036046	chrX	71950000	73000000	0.9163162231961564	0.9606970393043124
chrX	75400000	76750000	0.7559223176554563	0.8499992594660976	chrX	75400000	76700000	0.7071067811865474	0.08406426478847455
chrX	77450000	78800000	0.9412321264175703	1.1138116081825264	chrX	77350000	78750000	0.9210305136428512	6.124815529485257
chrX	78800000	79850000	0.8047378541243649	0.0	chrX	78750000	79900000	0.8535533905932737	0.18586654531133384
chrX	83200000	84350000	0.8630852169962631	0.8101002987964216	chrX	83150000	84250000	0.7316171919370917	0.0036022366801955253
chrX	85400000	86450000	0.9267766952966369	0.0	chrX	85500000	86600000	0.647747564417433	0.0
chrX	102250000	103550000	0.9755922317655457	4.348175752963772	chrX	102250000	103550000	0.9755922317655457	3.794831718494194
chrX	111900000	113100000	0.6010407640085653	0.4087118610294291	chrX	112250000	113350000	0.7071067811865475	0.0
chrX	113100000	114400000	0.8613521576502652	0.0	chrX	113350000	114400000	0.7821248191647022	0.04264433740849372
chrX	115050000	116900000	0.7191083235744387	0.0	chrX	115050000	117450000	0.7607258998775992	2.9126498648972032
chrX	130850000	131800000	0.9511844635310913	1.1898245588800174	chrX	130850000	131900000	0.6194715560037098	4.663202278579537
chrX	139800000	141250000	0.8330266952966369	1.2842179831783613	chrX	139850000	141700000	0.7032051723434046	0.20902793827808416
chrX	150900000	152000000	0.9581581115980782	2.4197314948170394	chrX	150900000	152000000	0.9581581115980782	1.9963887464476213
