-0.020471662950047206	-0.33270127297925817	1.88702215412498	-1.696244552777952	0.09243545168912999	-0.6634030590376854	-0.23880760706094867	0.9721705489917799
-1.0497071585896287	-1.0903789761866505	-0.31515417870974766	-0.0011870493804802024	0.9684385563894684	1.8267228698387503	0.6299154404518016	-0.9686495038135136
1.416723299091021	0.9258529758960788	1.2116192724680426	-1.1426191876335028	-0.996914072341621	-1.0092023202482099	-0.568493300620124	0.1630333333883163
-1.092391724047374	0.629042362845425	-0.9490623097049377	-1.091206792138418	1.3564378154184598	0.8802933448526227	-0.7800880009892828	1.0469753037635061
-1.135010548724773	-0.5758801195883263	-0.8311767459657744	0.35569121983648533	0.8765896884265509	1.926318579866133	0.3601550366531383	-0.9766871105034342
1.269618426224678	1.3146673291647584	1.1821655350235478	-1.0167779983859186	-0.9278634941687399	-0.9353622252058994	-0.6664257235204745	-0.22002184913195372
0.6781927541138403	0.9325679479142531	-1.1904658402607435	1.0649325089325845	-1.2760435244424313	1.1771574043646131	-0.9616140857186201	-0.4247271649034983
1.4327098537383374	1.7591976468484387	-0.6725663898478708	-0.9336755505055525	-0.7886361438680829	-0.8008682482895059	-0.3621727736756507	0.36601160559988744
-0.6190812411559793	-0.775985697465363	-0.3810931230371043	-0.6171137474882966	2.433170835531508	-0.49706716497178477	-0.10052351402719605	0.5576936526142154
-1.653169383156354	0.8009584213282082	1.405807323298392	0.4599506999539163	0.413823326736196	0.5057537631926264	-1.2331390948133254	-0.6999850565396615
1.0728935333961946	0.8587513498047682	0.2492515126085341	-1.8081882973895587	0.9518689925120023	0.379893923922303	-1.2242500617612864	-0.48022095309295787
-1.336926196670727	0.7788175972587703	-1.1553456473338466	1.0083251451462896	1.0666680543945204	1.0188058862835765	-0.9412762049854456	-0.4390686340931349
-1.3599032921056788	0.6841133908584126	-1.288296583162683	0.9126854127623155	0.7697800296537592	0.5932290515112028	-1.2038778042361342	0.8922697947188065
-0.6951349002392158	2.4173565565218245	-0.42909128886215153	-0.6929354663983618	-0.5463768284010805	-0.5587370593576594	-0.11544642031303196	0.6203654070496701
-0.6642478620604131	-0.31967799212590026	1.7973130279137743	0.3149265638948289	-1.1659409794021913	-0.6432208832092816	-0.6896582986413584	1.370506423630541
-1.6565841565066803	0.7562148365763095	0.8982763475342019	0.8698918827412159	0.44942991136124755	0.7797837778067443	-1.2845940615523355	-0.8124185379607061
-2.4338167817223995	0.6785291924857653	0.8649289390759538	0.5277726223063247	-0.15884889573589292	-0.26076462172262127	0.08260441330608573	0.6995951320067851
-1.1580810513089355	-0.580439366101866	-0.686808867996716	-0.41860284227573363	0.9239475105081322	2.1574370628749677	0.1445209478215234	-0.3819733935213648
1.037504391598395	0.7642515213870493	0.9883192248441984	-1.3490261152001728	-1.2363293529786659	1.0394032333193381	-0.9049639527678873	-0.3391589502022576
-1.3452811473626494	0.6407087207261886	0.8347570126764454	1.4186067662752628	-1.2256944737034556	0.8439223893804099	-0.8792693456746207	-0.28774992231758384
-0.8917152400565208	1.7199113548898883	-0.6461058433075244	-0.8896847398086655	-0.7543829429320273	1.4957843151630206	-0.3565513354618657	0.3227444315136916
-0.9224971232054984	1.52779150172724	-0.4226558499926947	-0.8265460611100942	-0.2183388401393913	1.5240123865294628	0.49488424066981557	-1.1566502544788386
2.369834794868409	-0.8572071028331955	-0.399418318506881	-0.6730309456875379	-0.5210461857700992	-0.5338640364278993	-0.07416120164790177	0.6888929960050992
-0.4065755502836135	-1.0134556992540011	-1.8763296137173286	0.5587337600733355	1.2999261436102596	1.0745889427074873	0.0022056661173075606	0.36090635074655375
-0.676019140285667	2.448255189733969	-0.42787146289705535	-0.6739676555822651	-0.5372675655781531	-0.5487963618833378	-0.13532451823462024	0.550991514727131
-0.6315746521027571	-0.81198048106552	2.3566123267904997	-0.6293124644348849	-0.4785722433201327	-0.4912851340298475	-0.03534661098676013	0.7214592591494042
-2.021162433653562	0.18132760614654592	0.32764773370636513	0.20585804875019595	0.2911839448861204	1.0993688530030354	1.0613701935334972	-1.1455939463722005
1.6738284655477222	-1.0248129803390327	-0.6369849450633942	1.5553064656237723	-0.7400252518827866	-0.7508842375269776	-0.36143466312175404	0.28500714676244965
0.726547958363233	0.985264908994268	-0.042707640361378404	-0.19844361029251995	-0.05325391180437646	0.4239784328386916	-2.4343363837767447	0.5929502460388293
0.8945411139700522	0.9587912172418458	-0.26498771980620983	-0.3728481548670073	-2.085429942020639	1.0458660906232844	-0.6415687301093934	0.46563612496806484
1.571336686434922	1.4225811420741992	0.275279619644079	-0.29300985516622347	-0.6880841746837207	-1.2963868595571084	-1.0873397585144309	0.0956231997682834
-1.0437595299298006	-1.0941891611794032	1.0087967611849435	-1.0431271707063536	1.5106873249480317	0.6338021214250978	0.6933296909205895	-0.6655400366631053
1.5350103295463753	1.1013540166565914	1.1397666944534035	-0.9690477740015533	-0.8968932270825557	-0.9029784833095046	-0.684735221426221	-0.32247633483653826
1.2582288128385926	1.0408016008705123	-0.8950984153713365	-1.1085563137161492	-0.9899859547136868	1.3820168179586831	-0.6413502557859623	-0.04605629208065092
0.6152173272566138	1.0034378993690443	1.2615955215193784	-1.5458079573348587	-1.4364795304231235	0.21943979360630816	0.44872113636663546	-0.5661241903600005
-2.2347264830325293	0.37707450408962667	0.5313270084980365	0.860556447192948	0.5865270643585953	0.5733193926892945	0.3339035282085503	-1.0279814620045211
1.093041040820986	1.5461516592131481	-0.5556004640749801	-1.1121850184128852	-1.5657314524322292	0.559484219380455	0.24532838048123912	-0.2104883649757338
-0.8601602952369088	1.955994706321482	1.001644783858672	0.11818406592620574	0.09270237150590956	-1.3160917267712182	-0.7994143126892247	-0.1928595929149159
-0.7464345926680067	2.2105664900499744	-0.6011797864584772	-0.7452337431731804	-0.6652154843229212	1.0056288820078099	-0.42993558944919197	-0.028196175986007946
-0.7983794752304649	-0.501092910099134	-0.6837517949356394	0.8133666029938493	2.1821659932321738	0.3843841461536072	-0.4776205341792924	-0.9190720279350991
0.82835145697224	0.532020416716293	-2.5125027194277587	0.04716038928129284	0.22343326757866805	0.7787683835735312	-0.11325275672093567	0.21602156202666822
-0.6111399645081993	-0.7890724939149396	-0.57281100381845	-0.46689481499271834	0.17501911264114134	1.8950805260809376	1.3612223145827769	-0.99140367607055
-0.9854824691326297	-1.0997913190465771	1.3027991886848325	1.1168410083030897	1.2980981384155328	-0.8965921402663368	-0.6077000989161843	-0.12817230804172605
2.470242455404021	-0.7706711342759289	-0.40192287847142455	-0.6223174850964689	-0.499893963491638	-0.5102187251176399	-0.13992870422302722	0.4747104352721073
1.2952121652445814	-0.26340398752669036	-0.6953348051542015	-0.9712433766481787	-1.289887974544434	0.48248979901754246	1.6931200141015885	-0.2509518344902075
1.4449346587734566	1.0552660680300354	-1.1991887389412845	0.49590365109339324	0.6908705559918371	-1.3158352265743238	-0.9169923191078374	-0.2549586492652769
0.6442420949103683	1.0055960405049262	0.46390658909198057	-1.859664091594999	0.654997400285068	0.821287842438356	-1.2521910276531956	-0.47817484798250587
0.6370112877923463	0.09366064994828824	-0.6011827779093145	-1.476828666562147	-1.0315206881454282	1.8304932905359141	0.7630121089533981	-0.21464520461305883
0.1258497412345239	0.09799864717989938	-1.1183954557511946	0.6596260448858198	2.115195775412597	-0.10538201125139494	-1.2253535580670352	-0.5495391836432155
-1.2718843101803792	2.102992940463153	-0.9522018359968099	-0.5204675234213452	0.1669926210404476	-0.1360322180744946	-0.21879359545079363	0.82939392162022
-0.8592168187837722	1.4557783763316707	-0.6411998701469995	-0.8574144306255697	-0.7373128168820898	1.804733238523532	-0.38417472737916314	0.21880704896239003
-0.7780830217545752	1.8971798271363476	1.4345509530121958	-0.7767359097753614	-0.6869714925711828	-0.6945419022276027	-0.42303469931099946	0.027636245491174622
0.5177668406469831	0.8526696880190459	0.9524171727124515	0.4168684674039519	-2.1776396567439202	0.03354290796128875	0.4104844345988176	-1.0061098545986202
-0.839831780154926	1.5639201700062209	1.705646115249095	-0.8380486629961695	-0.7192311667283762	-0.7292518090843704	-0.36986880327880456	0.22666593698732612
-0.6886763061337601	0.5382501739337342	-0.9675538021968476	-0.04333480117279447	0.9937981631586612	1.0712632102820954	0.9182279150904165	-1.8219745529615061
-0.891851272955048	1.5472006163646754	-0.6655787653757195	1.7232315454612623	-0.7653311818945844	-0.7758436705738966	-0.398820956275717	0.22699368524903
1.7369039332412362	1.4535264677366304	-0.6734982703515788	-0.9367955039221932	-0.7905406791960901	-0.8028752876288058	-0.36050358165404806	0.3737829217748528
-1.0904107711311137	-1.274144893443797	-0.8117281955565938	0.7081991007944886	1.6176183874878496	1.0460641769682062	-0.4831829644549243	0.28758515933588763
-1.0378600117060597	1.1606743683931546	1.2686213721500812	-1.0362686442899114	-0.930228336674471	1.2795458114833147	-0.6184350936494398	-0.08604946570666658
1.0053149673976838	0.5896887064200783	-1.2406698895815378	1.0486292980127647	1.104206800019581	-1.3683589733061698	-0.9317587255157778	-0.20705218344662507
0.6839228428398677	0.5441142636650882	-1.813627041080091	0.541399472023195	0.5498270081624749	0.5665992433727466	-1.6441890893140547	0.5719533003307735
0.5798757979504944	0.303079428969648	0.6517768271028922	-1.4043639486112631	-1.2911235425792036	0.6442074450704756	-0.9581596514685549	1.4747076435655082
1.1727060427301632	1.4258960733727757	-0.8967656495213342	-1.1220669457134704	1.0572573052654652	-1.0074725084379286	-0.628938646143817	-0.0006156715518556827
1.5412777907533524	0.4860894741716765	0.8281505267707144	-1.3334282429420234	0.7998910931499537	-1.2222050165958598	-0.8548071005487484	-0.2449685247590661
0.45080058994158373	0.27531618718621076	0.3613762942577694	-1.7209880562319775	0.4303813262435735	-1.632123047356345	0.699116066611613	1.1361206393475716
0.7730391349342682	0.004720623594287923	-1.7807911565440293	0.6545492956157261	0.7016398217411745	0.5668467132383117	-1.5926801436397509	0.6726757110600114
-1.997255016635999	-0.17893153874556555	0.5218622327048366	0.5450998798294724	0.1413448465954617	1.0596575793148697	1.0176940291830165	-1.1094720122460915
0.9211489255508186	-1.3176311561627845	-1.0175633514392215	-1.1969088120397227	0.888755220840247	0.936645452013062	1.0897593011840074	-0.3042055799464062
1.1361471577252178	-1.338606880598598	-0.8701290931817562	1.0460923292047617	-0.9945968741641015	1.3147774202606137	-0.5372774819918644	0.243593422745727
-1.0676082979113724	-1.2305470370848843	-0.8204675549607384	1.6121924407061456	0.9241698640993831	0.9569449040303024	-0.5291077082248515	0.15442338934601466
-0.8632654976729703	1.3968026149842576	1.806058525823995	-0.8612734688074782	-0.7285352013702331	-0.7397298717405385	-0.33824121026004234	0.32818410904300827
1.135169124691194	1.046380357644159	0.4587279193980912	-1.6767587899062875	0.48661821743903083	0.5206069110461132	-1.2544290867090975	-0.7163146536032017
-1.5129755114961556	0.9377294591476635	0.5979034309612685	-1.5116490571156873	0.7052520362431206	0.6037854875187627	0.8995658865687262	-0.7196117318276981
-2.062774175862684	0.6104479978533309	0.25584331155178525	0.2153335687713347	0.699895942922175	0.9532545180964367	0.5684744888733683	-1.2404756522057474
-0.3269491093906756	0.12934742383492112	1.235050477297484	-0.5190483500875485	-0.2921974423727462	1.0320702213997928	-2.0677885168912256	0.8095152962099957
-0.4608262077628731	-0.5135648018149443	2.6222880233940336	-0.46016489544402256	-0.4160985403024086	-0.41981493896991723	-0.28652902011840653	-0.06528961898146186
0.9881464302171423	1.118125375813885	0.1547439087793984	0.18080652428893282	-1.2821444669476258	-1.2893459527446138	-1.031069934098019	1.1607381146909006
2.503422604681515	-0.7350714201606624	-0.40192857881171073	-0.601042430371127	-0.4904398195292185	-0.4997676478516403	-0.1652319104151107	0.39005920245795117
2.4926605431689923	-0.41622355846568937	-0.6892300247120485	-0.4360453385760683	-0.5172857841601584	-0.7017976558797053	-0.14193057198793502	0.40985239061261164
-0.8467485140268532	-0.9299006074109746	-0.720625836012459	1.2018659668838008	1.2699427445019926	-0.7820867058431511	-0.5719369403756368	1.3794898922832806
1.4562482311017204	0.4546351232921458	0.6819185260661127	-1.2270278612632182	-1.1131622953565916	-1.1227653096301928	1.0768407206089812	-0.2066871348189601
-1.4063747882688524	0.6768024684153843	1.0003029579820653	0.9911677261786034	1.0737288516336396	-1.2799194647011134	-0.8689418360770956	-0.18676591516263485
-0.06963305591409702	-1.1258458556869873	0.7895907285800148	-0.06513410147971198	0.645943477869442	0.9022702085070184	0.9257166313571871	-2.0029080332328655
0.7415941533710062	1.633215209266574	-1.1657114455486015	0.96137801015728	0.19411128287934282	-1.2847509324589041	-0.8777257744276901	-0.2021105032390079
-1.1225192561333424	0.9657568972208506	1.1755964524521054	-1.1202467594855146	1.3698967016581471	-0.9815904268970311	-0.5235741535586238	0.23668054474340863
-1.5248419989189068	0.33746232395075276	-1.369914731823779	0.541045539954603	0.5448729767758637	0.9882657745400637	1.2418864817564568	-0.7587763662350528
1.1883524082522987	1.4530764717218887	0.9001474630580023	-1.143179331708908	-0.9964335190645971	-1.008809535660959	-0.5649527561961653	0.17179879959843916
-2.219699020945765	0.2743790306668529	0.6498785868021255	0.4390918148488069	0.5646373934064659	0.4989069022567874	0.8433240524151755	-1.050518759450452
-0.9766951691806961	-1.1224462996158673	-0.7556240915207393	0.9866751047842888	1.1291835651337392	-0.8633542867663457	1.485830790393085	0.11643038677253349
1.1070293382440246	0.9334574243384163	0.42893872633361785	0.35657160756302053	-1.5043258781924356	-1.5137170010035437	0.8098979647044191	-0.6178521819875189
0.5812372769184171	1.5362148939862834	1.4505091262976033	-1.0399976707911456	-0.9298514632649786	-0.9391408001653389	-0.6059855294161491	-0.0529858335646921
0.1280032311794925	1.9317554036098803	-1.328386407231302	-0.6370983696672368	-0.6273408326260965	-0.5488263608000093	-0.09206911582519747	1.173962451360468
1.6926329211466542	0.5934959357506089	0.3665211769690892	-1.2673003837242294	-1.1117414669811163	-1.1248607492327416	0.7246012590389144	0.12665130703281605
-0.36197013116027293	1.4214978512733643	0.6219179732316319	1.0137917633941287	-0.731506502568844	-1.4964202442435177	-1.114053224545621	0.6467425146191312
-0.6515899276384619	2.4834236315571565	-0.42584332248753326	-0.6497236369192191	-0.5253638944988739	-0.5358519500582101	-0.1597055117298002	0.46465461177494094
0.7713018190943713	0.1631916765651699	-0.23468977946284414	0.38048242676609806	1.1267788775783805	0.5905947436082025	-0.49143444931265	-2.306225314836728
1.2533643982209304	1.3430158969659887	1.1021206591368269	-0.9940869286616998	-0.8061797116993469	-0.5836975652193547	-0.12441041504306923	-1.1901263337002708
0.37098140852453987	0.5227577725487381	-0.1395190242202867	0.8963701828722507	0.6379703364672349	0.4283498846719455	-0.24381166673133103	-2.473098894133092
0.643220831856507	0.27093106694944	0.07256571091941978	0.5699972101442283	0.7654552732133019	0.7056255815696035	-0.6435248839102083	-2.3842707907422924
0.3026575714114118	0.9669683293792647	0.7046246032233235	0.6729989393704435	0.342318440665389	0.33318371310062234	-2.03246530995045	-1.2902862872000034
0.6629732948175375	1.1016517283169995	0.7804985380683923	0.7007328197944921	-0.08739027758993098	-0.21096570000259654	-0.8215989439561792	-2.125901459448713
-0.6027142840095926	0.3020471832894331	1.8141338010026777	0.9176949259620518	0.5520887700359461	-0.9241289404607269	-1.2878732056720346	-0.7712482501477546
0.8681217498706737	0.359556342618572	0.49070722013900686	-0.06140750277483408	0.25146775964536544	0.3622585311830166	0.29643067979103777	-2.5671347804728386
0.1843157777560919	1.0757651135374604	0.7795270228682747	1.0168631087051434	0.5206917676531494	-0.6071805263119014	-1.2432281075855849	-1.726754156622634
1.348820426858023	0.8248895837305705	1.2309154917270477	0.26233840626962657	-1.280445491064518	-0.4163070644778831	-1.270191302443254	-0.7000200505996121
0.8806181261892381	0.6242677266835371	0.3679092577058582	0.3169969512614424	0.7802115691461782	0.03561707808954056	-0.6448824321750161	-2.360738276900778
0.3082758547147371	1.1208530316037717	1.3196113805654055	0.3790890398009508	-0.1787242882374542	0.03249540169087654	-1.1129094003713222	-1.8686910197669648
0.29259923776036817	1.1094276402782774	1.0411922815749832	0.8570189663765503	0.10120758508425286	-0.4832859676628183	-1.0328424523866322	-1.8853172910249802
0.5977416725558564	0.4975998730297496	0.5597795869376435	1.0938910124441759	0.6484412973136975	-0.7246738932957216	-0.5094541966605666	-2.163325352324834
-0.7308345440353301	-0.36865799297239515	0.09042952174492339	0.7627111666813182	0.8853086143862801	1.239899580317365	0.21250355985961517	-2.091359905981775
0.1492509213339409	0.6111514439010802	0.048328028137408933	1.0066945175053024	0.6792905091308674	-0.04528013530937187	-2.474736868562957	0.02530158386372771
-0.22422293522047168	0.5725126071340565	0.930877971117327	0.9065952847087679	0.8335933709073027	-0.3908130622118639	-0.41114592040313586	-2.2173973160319833
1.501003239960342	-0.39327997474404197	-0.22891321235220882	0.4753272432222484	0.6449996632155619	-0.11165120970496495	0.30208839437739726	-2.189574143974332
0.47576400979089445	1.488608043429548	0.7698663305082125	0.48458549624012387	0.455629977496478	-1.1558833733077796	-1.172932074532133	-1.3456384096253375
0.69256588849696	0.47670627521107145	0.9511791346997589	0.9562882385727565	0.6447078923968975	-1.0781291389492589	-0.8731626699115407	-1.770155620516644
-0.5334233886491316	0.1934281780621424	1.7116660526398804	-0.020790989396513318	0.9652816097835407	0.1516871799190153	-0.6224114268594619	-1.8454372154994716
1.1318785579723336	0.40718980620131673	1.3194129706516804	0.28844174770283476	-0.04839955106648495	-0.10568407426046067	-1.8406162672238706	-1.1522231899773514
1.0732923046506195	0.85087464104674	1.200281830994321	0.432375574903719	-0.11632584165831705	-1.6174475459526736	-1.2316857453173526	-0.5913652186670572
-0.03303590217039308	1.3769084095024686	-0.3985614538290047	0.9131341559155973	0.8795075886849886	-0.2965507334857625	-2.017152124713718	-0.4242499399041776
0.6672412272236525	0.2962268292983442	0.6962222535153983	1.2962044952236813	0.6601855779011327	-1.6628354592996017	-1.287843976530225	-0.6654009473323846
0.5556845561259564	0.9006840516559985	1.1719857726469116	1.0784424644531918	-1.320750006189322	-1.3330392150437573	-0.8922957317242973	-0.16071189192468027
0.5028873242016987	1.148491535205098	0.32171576924522655	1.2157628337768518	0.5032470787097711	-1.122427987435769	-1.1588021232859922	-1.4108744304168852
0.6427308687077607	0.5739821530073548	0.6084776012257271	0.889744498229257	0.47122355845815095	-0.45976023961833157	-0.37691936410896776	-2.3494790759009505
0.7934107247133816	0.8309890460329945	0.6781472838625235	0.3798412779281268	0.6203869203856799	-0.2366005333240138	-0.8496328831343409	-2.216541836464352
0.6331278233365629	0.6532549038973546	0.5433457651863253	0.576955858462373	0.7881167434087707	0.20157099193674874	-1.9378461843607497	-1.4585259018673846
-1.3111854197986168	1.2597206962126453	0.8029175339948954	0.8647177712992269	0.9119045330114409	-1.2168234118574708	-0.9101485075377717	-0.40110319532434996
0.6431062103507005	0.7149115919865304	1.005843012392355	0.020389330344103576	0.3852226259902075	0.10597155394158728	-0.4971203730725577	-2.3783239519329262
-0.05063094124088001	0.9357573342868664	1.4038726713764387	0.981229806014878	0.1572777126826181	-0.7529978417863478	-1.2375453512869845	-1.4369633900465897
0.5344276883513315	0.3581818321155632	0.48555421099367707	0.8231057688098693	0.6588299722137628	-0.15748040970118263	-0.2195200386813885	-2.4830990241016355
0.5664603705547552	0.3781585137543751	0.8634611518155755	0.49978071263594487	0.4877125798964473	0.046139728921392384	-0.357109876698569	-2.4846031808799216
0.7736451800098139	0.5318613250085692	-0.006233417540172613	0.5900405048377692	0.9111951638684441	0.5324840552186403	-1.8925202732605724	-1.4404725381424912
1.2943130937892333	1.3558645410928027	0.43089961879793626	0.41682977652530073	-0.29229706808892775	-0.5200488907966575	-1.0555908260178428	-1.629970245301845
0.44669147527626074	0.5803023462970647	0.3998957720494632	0.17790682238702316	0.3956241281944816	0.6277059906701977	-0.03576544539924894	-2.592361089475239
0.269649012307538	0.6745276857861485	0.39175556088890756	0.6957305132282583	0.8143827446102586	-0.20706135246031976	-0.16914950788563532	-2.469834656475151
0.9724093899278381	0.8958294990685798	0.6947955397499055	0.5640862428549113	0.5034083626736611	-0.6268155951782296	-1.1187703236329989	-1.8849431154636676
0.7297872412215729	0.6439755612829718	0.4467125212711224	-0.16638128267057772	0.07791406401911839	0.17974518896392966	0.6188760300581011	-2.5306293241462385
0.4295373176931959	0.8211442616631334	0.8963222499673366	0.45782362725061276	0.11058510790735562	-0.0640563649936029	-0.1861504316897583	-2.4652057677982717
0.7810254236555555	1.0864435311851248	-0.31318359029616355	0.5413530524577302	0.09539139327738581	0.15412065122044943	0.05945046215017685	-2.404600923650258
0.6906254408223653	0.4523452222464637	0.08727037943354926	0.6995703339915893	0.7135849390140994	0.20598883361118778	-0.37343789554478496	-2.47594725357447
-0.1673949052856343	0.6914063871347649	1.3148991520778046	0.5879100511822938	0.2609615549935356	0.18816209075404133	-0.6697585420064094	-2.2061857888503953
0.9270267603885615	0.7782621088855269	1.134438768466393	0.5428568872956457	0.16221743091596685	-0.8062833416263459	-0.8558709875006324	-1.882647626825117
1.2952230877976623	1.3433549008597332	0.7918842460218105	-0.08030316029517122	-0.1598864913336299	-0.655075846856387	-0.938990542816545	-1.5962061933774725
0.11521047627071285	0.4623262568160275	0.6809236693345613	0.48557399433018006	0.7141171559307061	0.07634788461341409	0.026177090313721462	-2.560676527609325
-0.2651110551282169	0.8118386646309871	1.3522017567766798	0.301260055918404	0.2671824101815161	0.17249085101966607	-0.3802904871333152	-2.2595721962657214
0.8232259783981413	0.5194582338580392	1.013388727750213	0.23051325391972072	0.41073147976283125	0.12339138168170265	-0.8824788855775725	-2.2382301697930753
0.8286423864922704	0.7525656936569497	0.1377740283109598	1.150160948472336	0.7494152214431877	-0.6744842512847133	-1.3064974957355424	-1.637576531355445
0.8116714071080686	1.2328810684055174	-0.47783307101585815	1.0548213450578316	0.27813810276174583	-0.14629227653128876	-0.8331446552645713	-1.9202419205214454
0.7135867957632601	0.5592350424995193	0.5894487851201383	0.4241164792189105	0.9026704546350552	-0.3974096087867775	-0.4520740303685641	-2.3395739180815465
0.23743563346767388	1.3670460596475758	0.6123072951775166	0.9225160450447437	0.39520638367591376	-0.5856383589349831	-1.4447146163774927	-1.5041584417009466
0.46574396534662743	0.8334013020994034	0.16351207141925497	0.68710991656156	0.3867090921920475	-0.01637043113725672	0.017520868456229646	-2.537626784937866
0.43823292063026564	0.31013078164725294	0.38860711266406195	0.6559011344844533	0.3322501738788121	0.4162293610433847	0.07425516251635622	-2.61560664686459
1.7922508214215023	1.2796028110826139	0.20568011030955374	-0.208315996826664	-0.0795786512177774	-0.8710363888751544	-0.8927511931040791	-1.2258515127899954
0.6752704379776971	0.49928099986301555	-0.016257365319443946	0.8403210387116444	0.7066981514378443	0.11891128957451565	-0.39068184874292533	-2.433542703502348
0.5900038909249693	0.8077156008674206	0.30667172823502675	1.2353876194148001	0.7693628556302199	-1.0441030218892473	-1.0623574323711782	-1.6026812408120106
0.678724865017926	0.9253586925446895	1.100384386287797	0.6253647786862988	0.38993681688538734	-0.7858912991115758	-1.405212610188824	-1.5286656301216988
0.20032131507275375	0.03500527501840145	1.6216856631106198	-0.14267268835775515	0.43340013569753055	0.6456051185110254	-0.7632701559099763	-2.030074663142599
0.6545712272153983	1.1569833902989075	0.767895359949141	0.8575080592912637	-0.4611760896732212	-0.6099197768932095	-0.3098316739737503	-2.0560304962145284
0.7346581290077266	0.7787947838517707	0.6114274680019858	0.5916965258196064	0.4753139391704675	0.20383546891974694	-1.9179278629374492	-1.4777984518338547
0.4002069146373184	0.983430207736613	1.3853418158773532	0.5385657940524871	0.0738706774948223	-0.5465443202913587	-1.0044829006480316	-1.830388188859205
-0.31175234843631067	0.70985873356331	1.3121266595486727	0.5121893634466325	0.885677348316108	-0.2772738067675336	-0.8925344856061092	-1.9382914640647675
0.7380408699034932	1.2961354839185673	0.962816380193548	0.0422792532507829	0.06940568886878759	-0.05660943465575233	-1.8268193525844378	-1.2252488888949897
0.26728072730305424	0.707450641127467	0.4764472469394961	0.3555530676243805	0.4950266043351567	-0.027400843108919642	0.31927271939464513	-2.593630163615281
-0.07325905022494619	0.02167611368609836	1.2165322566045604	0.7917534482535962	0.8193225032006302	0.15411024974996163	-0.7944514084476522	-2.1356841128222497
-0.093819370621866	-0.484736704966378	0.7340320598258606	0.6795094355410799	0.9000344420049796	1.179352326087356	-1.8495988766987288	-1.0647733111723041
0.5854686646735	0.5883313372770216	0.5304036673406239	0.47045355566018743	0.27524293288109425	0.10118267913145894	0.041354487563500915	-2.5924373245273875
0.011594189087916928	1.1549109165893514	0.15285311904831006	1.485743186548494	0.4307031698682435	-0.4186540138575275	-1.6391228860090128	-1.1780276812757755
0.4500886380192678	0.5379874288299463	0.455758039544903	0.38501247658814863	0.8129673356448252	0.19534334116299945	-0.3167088148859013	-2.5204484449041895
0.8998551166634221	0.7585389720415818	0.7093804834732821	0.706484963471805	0.7666073104464013	-1.490741589538024	-1.318234041276014	-1.0318912152824553
0.7565521139593131	1.0880213585802423	-1.177658580660258	1.2407690235931144	0.7674075607141078	-1.26782887065282	-0.9595145668319544	-0.4477480387017459
0.45014525087085216	-0.017113159060882985	0.5049039473327941	1.0873318896197701	0.21173735856414955	-0.4553321158967063	0.612579203249207	-2.394252374679184
0.39526779225363545	1.2580804534303316	1.1389525685054953	0.157377927325348	0.5603135530569852	-0.5851216495967367	-1.4111351650587878	-1.5137354799162699
0.19557013477037366	0.5713712855779685	1.0304767774221384	0.6325677003854282	0.32125494725365394	-0.1907987457173238	-0.10639778448944738	-2.4540443152027915
1.0236907402959898	1.0392936122402325	0.7660570315539602	0.42618253758504326	0.4893878877876432	-1.5280143940092838	-1.2986544020763926	-0.9179430133771941
-0.06855853069169594	1.1255033682591984	0.5404076214285686	0.9721438064289181	0.746621977124894	-0.5576778581169181	-0.7394967086568651	-2.0189436757760997
0.2695820307590332	1.4830066181998354	0.9941849036411761	0.4989706075708018	-0.13703154827889708	-0.1765206761563133	-1.1997976005344966	-1.7323943352011413
0.7356766676657378	0.9008556098765935	1.3552915542314705	0.5864093180716082	-0.1513910447192002	-0.7670174099617841	-0.9311773068566551	-1.7286473883077704
0.9053134186294158	0.9728611091574176	1.5257500847619065	0.29019024947620625	-0.3959844884807808	-0.9525529395291854	-1.2310879755502258	-1.1144894584647542
1.0477806867731738	0.9826525711659262	-0.24651566695828786	0.6511277948481448	0.6542976903907891	-0.2290641754321059	-0.766573847659674	-2.093705053127963
0.5302502572224175	0.6226464778949025	1.1032335927621295	0.5323012679359667	0.7976841434136487	-0.5108853822204463	-1.2175743315161638	-1.8576560254924557
0.9387917492428048	1.2252328742658327	0.3201623481166724	0.4004543675855542	0.2747002676329348	-0.5476464639682216	-0.4201969124566209	-2.1914982304189556
1.050260034238819	0.8444556051167561	0.7135112312848182	0.14965385904898715	0.11387078120198961	-0.3454019640620917	-0.18408628102905775	-2.3422632658002227
0.7392717981964056	1.1202619067103379	0.6445903236335734	0.6646246033780924	-0.03981181142142224	-0.14186334854107593	-0.8384589670801187	-2.1486145048757925
0.7688005560765447	0.9986961874797943	-0.2963413663212576	0.26046310142723567	0.43165655786144663	0.25010029716264354	0.037262614374427426	-2.450637948060835
-0.0020311229148995574	0.14916782935203174	1.2104529736301093	0.5669743175543673	1.1925262265764986	-0.14984242629972006	-1.068752078846102	-1.8984957190522864
0.4015660388325088	0.7005678222548999	1.094089331944999	0.8091723055163361	-0.08866963697567119	-0.03794642211188354	-0.6198867024749577	-2.258892736986232
1.015561675927362	1.170936892621767	1.081577228577697	-0.10860511092867545	0.09462744024635407	-0.4309551109308116	-1.0679205210854796	-1.7552224944282133
0.971825549622296	1.3398405729246423	0.9190303615729392	-0.04340369989241966	0.1125416773159612	-1.6639446068405799	-1.2016352722014527	-0.43425458250138255
0.016427143684866953	0.7091115783279623	0.6159892318250998	0.7264166071969738	0.7964046490192721	0.4917449927284189	-1.8805433305748231	-1.4755508722077706
-0.2119214599926214	-0.6533412624046023	0.9514317023162614	0.53817343188297	1.0388213378822866	1.0841415650423114	-1.7641815368476377	-0.9831237778789689
0.7706924155148877	0.614207985196712	0.7149610666182191	0.4195935821009616	0.5861589893663233	-0.05197104824017869	-0.710456827035957	-2.343186163520968
-0.14832820840418273	0.5512744515168698	0.7119081365470727	0.562064137314608	0.7501563938446093	0.8499629838756089	-1.9521314164412387	-1.324906478253347
0.90666480265079	1.0390772051865793	1.2650388518757023	-0.1468276101021623	0.3844578552567497	-1.5372464951195541	-1.2193872910378467	-0.6917773187102574
0.3886425764812385	0.5685881550617367	0.17024990829606668	0.11465617585104447	0.7267101813750084	0.15278373661848496	0.46912325035651786	-2.5907539840400986
0.5480410521797139	0.5074924885792951	0.6431423334847653	-0.22251089859847753	0.5950057614754054	0.36239421799476695	0.11221688234391233	-2.5457818374593812
0.2607768982707964	0.7922846085673234	0.3053423578846991	0.8005975508686309	1.054252137231853	-0.04273257954603985	-1.1211942999949203	-2.0493266732823394
-0.20229545715900052	-0.22039711722222177	0.07104423274070089	1.350091448488808	0.9440910129684685	0.4190823100641674	-0.12554674209917205	-2.2360696877817516
-0.16359656992163213	0.7577089830757803	0.5086410229177086	0.3880916556439998	0.9534298197685289	-0.42968429380147904	0.3831790245982815	-2.3977696422811876
-0.2455055885723453	0.7488792062910608	0.44675386258724714	0.7642547354690011	0.2767972129377663	0.11641543663360364	0.40977445089582304	-2.5173693162421595
0.5220891994783419	0.8984962448103023	0.785732650747577	0.6218229762620974	-0.2968801440483571	-0.30618760067715534	0.16392787451715415	-2.389001201089959
0.18013046967900603	1.3960845569046654	1.0745028649626487	0.3298150704481771	0.1533654911707382	-0.26441647756086917	-0.9128376994857844	-1.9566442761185825
0.911954471397741	0.6628026204147546	-0.433992262123511	0.36836875076122444	0.632611771532079	0.4034600782797421	-0.13177541028062306	-2.4134300199814076
0.8959487997716342	0.7341596246509967	0.2603964971475828	0.7208570639483156	0.4648802655528593	-0.36321860303491393	-0.34592929917045045	-2.3670943488660248
0.8884693902129608	0.8071774274380851	0.42888176810260364	-0.6008581397447718	0.9390589094186083	0.13389208946406636	-0.36473253151428703	-2.2318889133772637
0.8991146841562114	0.700508432378714	0.020154531629367447	0.47696585173796213	0.4470962875043321	0.03924456952415572	-0.08005951907972737	-2.5030248378510156
0.394341399400959	1.3542358904794345	0.9523747648113216	-0.054036905533522084	0.019142900568532944	-0.0792179943035973	-0.35851638122910817	-2.2283236741940184
0.22956189216023098	0.5164305393074342	1.1021927962052338	1.0570713663639042	0.7240504957038305	-0.8243616861633661	-1.0779027296119101	-1.7270426739653557
0.7518677731144088	0.7387016102673899	0.7022636171992771	0.6225874887669604	0.5080818626511477	0.039589679642143945	-1.8975516696765942	-1.4655403619647343
-0.2147867986000923	0.5457418550953195	0.05412387088106304	0.9418620341841664	0.8332936206844843	0.4759336129268968	-0.22941138848031198	-2.406756806691525
0.6035959304624523	0.2629601648169371	0.30564664130037383	0.588657447354286	0.42277233883224485	0.5482676268552723	-0.15855341465837453	-2.5733467349631924
0.053933547805373	1.2016249889214345	0.9311822046524714	0.7364539923443787	0.3443264447899491	-0.18837909981646445	-1.8925005089938844	-1.18664156970326
0.6872519888901738	0.3778891274560245	0.9076186485912845	0.32494228957235016	0.31772163019639904	0.2813196937300773	-0.4285980614797509	-2.468145316956559
0.005320364385199445	0.4395061158056122	1.2112433681890007	0.210536791902428	0.7803149164325158	0.201498932992525	-0.5328273309862251	-2.3155931587210556
1.026860322994849	1.2659234959385388	0.5339728182875403	0.5065696608016056	-0.06056593426562025	-0.5826839227385693	-0.6970369195449555	-1.9930395214733891
0.39069548539238286	0.4540492683753391	1.2960724969588115	0.17548331682241433	0.5246304579797606	0.09532054099513494	-0.6509696678857778	-2.285281898638066
-0.12020224464386492	0.5631397835156301	2.1561124269299556	0.36308176100288775	-0.4150844423456666	-0.2735868203820139	-1.3045392878805273	-0.9689211761964007
-0.24260387481206927	0.31127170887144134	0.7895560136971421	0.9229775436328819	0.93412000939225	-0.06849162757215743	-0.32620833347797074	-2.320621439731517
0.031001102905792045	0.7743991847778936	0.6785984605311954	1.077248054659504	0.16950279885555816	-0.691696651452477	0.24387007164752886	-2.2829230219249963
-0.560758525626199	-0.2943735644009081	0.11324131246891662	1.4335040106194394	1.3114523981263149	0.2746797237006782	-0.3833204147955641	-1.8944249400926783
0.7100479308560709	0.6808982120382848	0.4618010924490744	0.6781411165260736	0.6549696509230013	-0.051046696313408926	-0.8553796827263973	-2.279431623752699
0.23274890773449422	0.25638647337282666	1.6501536445026215	0.05361568034435042	0.3096228822022788	-0.14659932256684463	-0.11456027166938304	-2.2413679939203432
-0.8403104951778846	0.9645518112878241	1.3592182440440326	0.5880002856897304	0.8074792127572846	-0.2565980022385575	-1.227212257617873	-1.3951287987445564
-0.1688778598756554	1.020677310485541	-0.057569972507456324	0.7189319503033988	0.9948035878491159	0.014180908312641119	-0.20299089163951042	-2.319155032928074
0.34117136763375183	0.31432421706500974	0.3055939600494859	0.7725398440151678	0.6919473624538499	0.16202095196140162	-0.020668059519131327	-2.566929643659536
-0.04472799470215535	0.09994637431490311	0.6795381168028145	0.5161207850648152	0.8846143484374858	0.3828621705497401	-0.0022603372665044273	-2.5160934632010985
0.3850379370295764	1.2330776304322897	0.8021913289940548	1.27251192825723	-0.22717218801879485	-1.2417815245878634	-1.1439577981764442	-1.0799073139300486
1.4147273886836436	0.5080871499734743	-0.5412523846544793	0.874699245144349	0.5567679599009606	0.09363173076247402	-1.1894705984344338	-1.7171904913759894
1.020810990501692	0.6713690597646084	-0.1568886744179415	0.7680475870003898	0.31590946151812715	0.10867232638138544	-0.34899409967214695	-2.3789266510761133
-0.16313856763369622	0.5995692665685867	0.062031796814066474	1.694496057665201	0.7410174693404761	-0.33379871071912004	-0.7094330148357245	-1.8907442971997899
1.0019735908745533	1.2205335744615933	0.08537537041693932	0.8152232495235251	0.39366587055229263	-0.7167431409317236	-1.0495178762009343	-1.7505106386962486
0.582568527128658	0.5647286575876068	0.9468499738422173	0.6657549374253025	0.5187758499500948	-0.0686018753404044	-1.0684692347048714	-2.141606835888603
0.47410059574516833	0.5693086149650594	0.904939637175161	0.5774280907614419	0.7136282178533163	0.04167558008093752	-1.1905237620212727	-2.0905569745598087
-0.03580784681935763	0.766122738984448	0.8596510179636351	0.40283166121208186	0.5660979319559732	0.7462012341547519	-1.9452813140710452	-1.3598154233804862
1.3548729457493407	1.0483426382141658	0.5851761905950144	0.1109146476183931	0.4016487823659397	-0.68358965553493	-1.1708037077659492	-1.6465618412419747
0.08335926929549849	0.8189255332782563	0.6661182727941585	0.9606136470803002	0.3831563789045892	0.3596433262025994	-1.2313241246984195	-2.0404923028569795
-0.3474105321327755	0.3540690037590657	0.9237947629018596	0.9066732773914172	1.0574375209352358	-0.07500780295682324	-0.7098713644188342	-2.1096848654791467
0.9791154496515798	0.9140485119620082	0.6562598225141455	0.16047858121507852	0.2881304324701989	-0.032532673539533916	-0.686432000724586	-2.2790681235488925
0.4697403882054742	0.4099672877331812	0.8924346970225607	0.7167225595473278	0.563607665773973	-0.2119672036302594	-0.4444656483228287	-2.396039746329429
0.5675225748875597	0.6646587091837316	0.4000876136726051	1.0489314709343132	0.9222013453354521	-0.6793398772380034	-1.0211268499214758	-1.9029349868541832
0.9821954665323445	1.5162707648289684	0.24140455476249698	0.385957327077933	-0.10313221502468681	-0.34612886398881093	-0.6993277958781087	-1.9772392383101356
1.20440180437103	1.3384017895037734	0.392994793046953	0.10563574306931685	0.45952989036363046	-0.859880458945513	-1.5982734974009396	-1.0428100640082505
0.38771620681863345	0.9322930851226375	0.24177764536894772	1.2590981141962436	0.6540924478319954	-0.779882253936943	-0.7692316172934848	-1.9258636281080306
-0.019745713438767014	1.0792446700554779	0.5980279065545161	1.049512563392528	0.42916945488262087	-0.23443896249415727	-0.7702805693149294	-2.131489349637288
0.42326947168311746	0.7420259742541727	0.9164320304882374	0.5834528003464144	0.5835012526006436	-0.26577762697616353	-0.7072305963235599	-2.275673306072863
0.9600394862412064	1.0911245077452363	-0.06586721603283371	0.5533413844814599	0.1378144180850689	-0.09241098708124539	-0.24057459437452544	-2.3434669990643644
0.45345733659153686	0.7804503822390183	0.9648026136668512	0.6719296869146053	0.4686013670219377	-0.02320686027419327	-1.863895586827592	-1.4521389393321653
-0.03812043572755109	0.9440788311375017	1.268265748672605	0.7505068430277089	0.6276626463837447	-1.0012520330067731	-0.8981614083648797	-1.6529801921223568
0.6882646865862687	1.124258401046027	0.4922510611100298	0.7545272630636394	0.5525948282514196	-0.5328595491804266	-1.293369553282968	-1.7856671375939894
0.8550818885926149	1.256210545594274	0.8773728740780748	0.5612359850750077	0.10079810867467776	-0.9270189154444064	-1.2450947657247218	-1.4785857208455218
0.5528189031274261	0.2712539429401614	0.35672950813547194	0.30886343517927134	1.4527717637445325	0.2544458346209543	-1.8359704473972982	-1.36091294035052
-0.3945505768866261	0.9673560381235768	1.9933996854167848	0.5330805935687433	-0.4844444881415489	-0.9674209926957062	-1.071851538983198	-0.5755687204020256
0.391038090405395	1.0171265458441203	0.3807520082693621	1.1305759943658036	0.4065799515545115	-0.34917788413260886	-0.9091438347959216	-2.067750871510663
0.21924019457555582	0.7217464302808945	0.46815992468257367	0.46709496388161065	0.06190681260633858	0.3187784232645799	0.34485822885376216	-2.6017849781453153
0.01826286626627826	1.1495588077796677	1.6361900665323132	0.3406588800546276	0.21764332148459334	-0.909204239521252	-1.193996920185268	-1.2591127824109603
0.4680663340848097	0.7808974146643148	1.1407854038521288	0.39925570162080426	0.4075887366575386	-0.46537477703405505	-0.47178718862466135	-2.2594316252208797
0.19432114929580743	1.1050721181666492	1.1101093059946299	0.7723283245295908	0.2975055138874787	-0.43494792871911303	-1.5360026228446682	-1.5083858603103746
1.2608551078621668	1.272223736565181	0.669616291411586	0.0421088767629081	-0.13822563838193985	-0.5535234054739551	-0.6613069135046011	-1.8917480552413453
0.3882310335677939	0.5648243818266143	-0.2916965525991439	0.6458289567951123	0.8917480682302364	0.5515961841849124	-0.3394374172461275	-2.411094654759398
1.5271514524585972	0.8056660821037874	0.6885209263275608	0.3140970629171836	0.15147818468292618	-0.7519838454016593	-1.1249298286305114	-1.6100000344578853
0.5480303343397709	1.3227915027428585	0.7682558243038391	0.8337026460750337	0.15962410022533532	-1.0283768696743714	-0.992910444494992	-1.6111170935174748
1.4409004147486353	1.178493071697429	0.5976279276793909	0.028653582702827977	-0.1128844058314762	-0.39153621598758087	-1.7267863058989668	-1.014468069110261
1.127022406487257	1.9464147058781989	-0.05563116505540264	-0.061382177207986416	0.0037396901343274436	-0.8918937510510507	-1.0400274940487115	-1.0282422151366324
1.3239239579211255	0.7597434746249868	-0.023601343504362757	0.5717884134300362	0.7211807176003948	-0.271305087648167	-1.529079255003123	-1.5526508774208905
0.6577493705691296	1.0917892580741357	-0.41113409436378523	1.346384866442415	0.5600260618717039	-0.46574300624401854	-1.3629756118871215	-1.4160968444624586
0.6381609075484067	1.0884452364761539	0.42736113517354735	0.11340748079605753	0.49754705019489065	-0.23220803778962254	-0.10365622388602416	-2.42905754851341
0.4750974688187302	1.2774222421841561	0.19355704784011407	1.200447993602793	0.36723530544920807	-0.6509818342365665	-1.4928154790538737	-1.369962744604562
0.7799527194507085	0.7205762390716514	0.8399970327240118	0.8055434460081032	0.5432767453852269	-0.6682212676687512	-1.1844633773390192	-1.836661537631932
-0.11279764707333943	0.24491006231897178	1.0308753701083446	1.4590505746878477	0.3194875811856735	-0.5870806537063533	-0.30621149872760667	-2.048233788793536
0.06820967774601627	0.4822121272809274	-0.441627612923101	0.9200206346537665	1.0746202838590369	0.10518357316647275	0.14398457457139288	-2.3526032583545113
-0.6428852866637779	0.16386419475376213	1.5595943923148687	0.9027487234061387	0.4692542528848289	-0.17337304879401072	-0.2837641110393162	-1.9954391168624943
0.7699439222353992	0.4410867251456631	0.6644145570178112	0.9074740995262575	0.4930587869289618	-0.35785437715929125	-0.6470325514060957	-2.271091162288707
0.7026163061536909	1.4470159375252163	0.20306658102336836	0.21109744676018835	0.4918884031127124	-0.30099537178296965	-0.6027582965888019	-2.1519310062034043
-0.13818991722807727	0.5937759010317502	0.6516019168636233	0.5292970286454949	0.7384885715829238	0.046293520256028745	0.10177227067136356	-2.523039291823107
-1.6365761749438954	0.606440422178046	1.1282495772581511	1.1696348171260371	0.3618531656931606	0.3394210614011304	-1.2376772147615402	-0.7313456539510924
0.61387452780995	1.1910603254739947	1.2306811543184613	0.6658860153084444	-0.22362851773124465	-1.023967179949477	-0.9650309889151861	-1.4888753363149425
0.12466762054398954	-0.05449822042183883	0.09595816626987379	0.8032983565818343	0.8061752910534119	0.5805987260974314	0.15684181695028163	-2.5130417570749835
0.8845184648918961	0.1469774670136404	0.45749853519056605	0.6876655867693008	0.6910618525194876	0.45802930173347517	-2.0476924215988723	-1.2780587865194946
1.032269487275977	0.8365758977085492	0.9773322263040756	0.9558489031023305	-1.3090245475377544	-1.32020559739266	-0.9192054257305857	-0.2535909437299325
0.6777377183447412	0.5993170120512709	0.5392947056912802	0.11685607916660473	0.27587270491816396	0.26802219968430685	0.11441721161329173	-2.5915176314696615
0.18668073715989408	0.02675939056982788	0.5404902871798372	1.5802730691338598	0.8265265972076604	-0.22133420204838491	-1.2218245832282606	-1.717571295974434
-0.5012422975381057	0.17512475347630113	0.3248591334471296	1.0303543291511577	0.37151839770774053	0.8151427280334695	0.17540842027889472	-2.391165464556588
0.41392769269223467	1.2827957073488025	0.8537652102095761	0.31616514631630155	0.6307585862485853	-0.5882385715042657	-1.0194451974974583	-1.8897285738137723
0.41874537018866786	1.061013775778206	-0.16823126732743138	1.3543807340358933	0.787586075704634	-0.7509629613304628	-1.3606756119695749	-1.3418561150799329
0.57062275419651	0.4425534476415427	0.5782819133573888	0.38742536542557154	0.16106520297674062	0.043523800457577706	0.421937330469516	-2.605409814524848
0.37757237867895777	0.16722346330082918	1.257039112903806	0.5901998831752886	0.5092679861068111	-0.1003904074512009	-0.4760631966798387	-2.324849220034655
0.9582927778046918	0.47009344127265523	0.46868521040459576	0.07292710713683999	0.1972173948055368	0.23784422509351252	0.14804038725064939	-2.5531005437684815
1.2929022773530645	1.5865021511600321	0.9121652863269993	-0.8887654613475839	-0.8447443161218341	-0.848456901946857	-0.7153077279011689	-0.4942953075226529
0.15986358490196398	0.8942674174572641	1.0591776310453953	-0.03864618745246933	-0.37493095943341936	0.4510278227196695	0.22740515378898774	-2.3781644630273906
0.4133120009952174	1.1214441269417483	0.057180064075336316	1.2583418348393283	0.6528908643505345	-0.9650496876116146	-0.8183764532210821	-1.719742750369468
0.004933159398165479	1.253924353010248	1.3992000551779094	0.6528362814302243	0.016054698818290674	-0.7415670996507236	-1.0175405440459144	-1.5678409041382002
1.455834908461843	0.97676254939427	0.15886728239097747	0.45134578332015257	0.5244356265591886	-0.9374367055999858	-1.1078314849791653	-1.5219779595472798
1.591660966217272	0.4736565610550926	1.441027016634221	-0.2879417971511176	-0.2284271347961003	-1.1796358300918444	-0.890838472306849	-0.9195013095606741
0.2639604837077023	1.4024683777373608	0.7132198880183862	0.9337365484189217	0.23251689507827386	-0.7210722508087863	-1.3148973738250653	-1.5099325683267935
0.7036250617876957	0.4388614064650149	1.2574102954819775	0.6338336217267234	-1.6565572838765463	0.6277093833077838	-1.303695896645041	-0.7011865882476117
0.1275861001332352	1.0491810656457141	1.346120325414358	0.7444076463525967	0.2026777398532678	-0.6883258557164216	-1.132843494557722	-1.648803527125025
0.5861528815140851	0.28790793687872285	0.4229139451279895	0.5589950226031178	0.5336659247724029	0.9747041405220157	-1.988734258567278	-1.3756055928510558
-0.3477843578061936	1.0055718072019497	2.1166888823415158	-0.25024678030084574	-1.0934590065585281	0.06538052219777199	-0.6946204781914204	-0.8015305888842467
0.16623610710783998	0.9847314900650682	1.2139904966080304	0.8666681859179793	0.1451951494359721	-0.6372627044502415	-0.8229675163065794	-1.9165912083780667
0.7284620366284881	0.5543941320251508	0.10749646492612154	0.6713752480966323	1.0013393437520404	0.2437318549173865	-1.945070773330643	-1.3617283070151787
0.8013676389336513	1.3707368465499083	0.1736698681505753	-0.055793178161539725	0.13508388421795486	-2.0195826213189476	0.5930120965235022	-0.9984945348951059
0.9823073781030669	0.7880554573719871	0.7000766743733624	0.02892672933246681	0.619001561464645	0.16538650836530056	-1.8879055005759793	-1.3958488084348513
0.4586128095217428	1.3758102183310525	0.8663958693761642	0.8836369961775296	-0.008962936136973085	-0.9719486839373052	-1.427028714458605	-1.176515558873607
0.7899986167987	0.7697789215067142	0.7576974706119347	0.18003683637798046	0.09777891420843435	0.15849191131484008	-0.292805550757334	-2.460977120061271
0.11289641986979211	0.9662314906308964	0.726859876876081	0.7524966470415663	0.7478521227564788	-0.25115851550616747	-0.9489463029578675	-2.106231738710779
0.082870892751829	0.4902903997688687	1.2792972059058931	0.2449259107839091	0.5003195570706764	0.38736407095119435	-0.7177851818591987	-2.2672828553731716
0.7407462022534174	1.2437196256497196	1.3230220432958215	0.11063691141501225	-0.32931539262109305	-0.6443961515028498	-0.6607105661577127	-1.783702672332315
0.6514895179689293	0.9955307463115258	0.7847775369699017	0.7339369277134132	0.15684925496549393	-0.4566986625219728	-0.694662209293204	-2.171223112114086
-0.15223666412220213	0.6165152068067539	1.1143197481508116	1.1518428621394678	0.7257516102329336	-0.5730313886677596	-1.3496775052833676	-1.5334838692566377
0.9047231395772053	1.5261871844536554	0.5608984830426417	0.45156553998444604	0.012995367621375133	-0.8819624720918975	-1.634980249634837	-0.9394269929525917
0.8071838602552263	0.6933083414359348	0.8888227655928096	0.6358238991842231	-1.4436219656325349	0.8221289879384451	-1.3131840422919816	-1.0904618464821232
-0.16491753723143432	0.6688965173221856	1.1176372336040026	0.9127231496041324	0.31631776557668756	0.3719260956075702	-1.5328828994187327	-1.6897003250644105
0.029804690475158373	0.22547318409274092	-0.0034577134997215665	1.0488557030011185	1.2867127339669528	0.17930731960054966	-0.5669291455763731	-2.1997667720604253
0.14222575059795875	0.0038701699146757116	-0.49632553147207586	0.47072359150565213	1.2614695937077927	0.8420699317707467	0.058087366512592525	-2.2821208725373423
0.5903509204095337	0.469141204337399	0.19503004722463482	0.25522413737387156	0.5051846853291625	0.2372160605217403	0.3706980041945793	-2.622845059390922
0.2873587185608808	1.2576456146898538	1.170856550170067	-0.26419217832041864	0.18255715943704487	-0.037195490869205705	-0.43594463763937513	-2.1610857360288462
0.5095715346341136	0.500959233413177	0.6970534259485767	0.7451901622109195	0.29784366454216205	0.4213209914803181	-0.8272323757310995	-2.344706636498168
0.7555416059237753	1.1366327856878236	0.7210534841925329	0.6159418348824084	-1.4569443688702268	0.5737615653686953	-1.3037677036848319	-1.0422192035001776
0.4890013449558594	0.2177338920172496	0.9257924110304457	0.35553734417892285	0.40553599052603717	0.9310313494813554	-1.9556609802819898	-1.3689713519078812
-0.2563267017296091	1.1476443417621363	1.575892951112999	0.8448808974277724	-0.24697590667535152	-1.2588573963245262	-1.1704710118353363	-0.6357871737380866
0.8482277373157099	0.8786646891532867	0.9306251577909145	1.1813411522810229	-0.3384740473629908	-1.342656361639276	-1.0502161849811142	-1.107512142557553
1.2039524215974844	0.23085189217575455	0.05869532443985129	1.2295424344613028	0.5494667944512028	-0.5663795240718535	-0.7624215064111971	-1.9437078366425447
0.3640388429638368	0.47210464841094946	0.1796739117718205	0.6108672954208508	0.3945246977249044	0.12984278775882896	0.4660850325243898	-2.6171372165755806
0.6935143348616851	0.3284708425451711	0.5742178906286418	0.19482026927503823	0.2356787980825543	0.10975410342116308	0.46370702289378374	-2.600163261708037
-0.05146165334392019	0.5298406273197122	0.21854147302974977	1.1716769966307141	1.1170047860979047	0.13490384801306565	-1.2762148222495695	-1.8442912554976572
0.8805761346699104	0.7752560998083781	1.5130947953547116	-0.2060108570788387	-0.0011119837176077534	-0.21373169604686426	-0.8892509176998762	-1.8588215752898118
0.6558769216363808	0.6206702523169789	0.6010143494020371	0.6069851640464341	0.3262227324034915	-0.2547564376944326	-0.049792061904193066	-2.506220920206697
-0.0864752004400321	0.3024500356411065	0.8132504210284207	0.861319446190925	0.8367579118460533	-0.08062942093870394	-0.25359499766386884	-2.3930781956639002
0.18643931747793135	0.5989694551738003	0.5452681841216925	0.4763357405241378	0.6181959274610876	0.23249658989364294	-0.08098573355425305	-2.5767194810980394
0.1934749131957435	0.23189725595189925	0.33166672062473407	0.9901035805879584	0.6603705675496836	0.1586134802325246	-0.04517533388816679	-2.520951184254377
0.8921430410797384	0.6519758974113123	-0.3557880108359085	0.490189698820895	0.46597796977181777	0.37145523984167467	-0.055477259463171336	-2.4604765766263603
0.6305072151561698	0.320457363162503	0.5662934286082093	0.6106783355848383	0.5142828027507631	0.022650763657105395	-0.10965415252482402	-2.5552157563947646
1.991021387658994	0.9650000191134509	-0.9484625444097664	-0.18489806922822918	0.5022958131037482	-0.6558879419755997	-0.6160679462263873	-1.0530007180362106
0.4641407320730206	0.9655705931688282	0.9012148186781245	0.8775036238227868	0.46414488014714567	-0.7094312645225712	-1.197658406360984	-1.7654849770063508
0.28532351089120905	1.0672158947565542	0.5995703085984316	0.5457097885864132	0.6994725628287222	-0.30695069304922173	-0.6199919842755096	-2.2703493883365993
0.34596253604377264	1.3326211002583959	0.7331142819226566	0.17495061339743803	0.0916179836597394	-0.3851500831731329	0.026139684560030012	-2.3192561166688996
0.6987140840932358	1.1220693888870208	0.6947406005789439	1.0003257486000368	0.177405232652759	-0.9782030378638	-1.1391968045392356	-1.5758552124089604
0.015427477647614412	0.37793349769078305	-0.01850739987179138	0.42417212282688105	0.9394498470930682	0.4479851714717314	0.3564423267621017	-2.5429030436203894
0.6070208161721914	1.3050137117744218	1.6325122282889697	-0.561650968038778	-0.1641500769713307	-0.8786809775951672	-0.6046792075930331	-1.3353855260372742
0.9527260494392886	0.48368179264348304	0.3852895620641383	0.5661797394491254	0.5913911171702048	-0.2023131160860391	-0.3533583845178606	-2.4235967601623414
1.225966458339941	1.1808361482829584	0.05486560536357334	0.7844681938301371	0.22896346635846548	-0.72673324141795	-1.1222839202698147	-1.6260827104873083
0.03036844702975865	1.1378822333647676	0.9369907036390173	0.9844913391621134	0.31130246218839347	-0.5370387109121388	-1.001551201033967	-1.8624452734379462
0.28059860186247765	1.0199718992041698	0.4707874790971395	0.6452093333396677	-0.06678900408495611	-0.0041096523515742065	0.1476631971138259	-2.4933318541807497
0.1225514567128294	1.0149062593957674	1.0669733879238879	0.28228700756865854	0.5404563348120055	-0.06405818397101688	-0.7567813494563644	-2.2063349129857692
1.0616096723310835	0.7802121878902284	0.4458611950827261	0.8908779527845507	0.6328993896204245	-1.1541263271090378	-1.2634109407622796	-1.393923129837694
0.9545211437376822	0.4075864718826137	0.3287278686917074	0.5586505783675381	0.4606138601304667	0.06992550196899831	-0.28972075373664996	-2.490304671042356
0.7158607529436928	0.8858381799407238	0.5936968132120004	0.34763410389124166	0.45328707487333164	-0.23381318294894732	-0.34354827976514607	-2.418955462146898
0.032904169562446926	0.14968564528393954	0.6100874017575466	0.4242279095754956	0.696743408028508	0.32000161005763317	0.35658706905782867	-2.5902372133233973
0.25398307329063285	0.5578135944337006	0.16603482846854184	1.1096542560080935	0.5166275699678174	0.4101610051623578	-0.6742579696059272	-2.340016357725217
0.5281951845955131	0.7865370931097269	0.9516703467883929	0.5517856856877918	0.5281556268712279	-0.2124227032127495	-0.9936271906948332	-2.1402940431450697
-0.2660389593332386	0.8072709132283519	0.8944615815315214	0.9201802925573382	0.6607164336300629	-0.16501778531968259	-0.6837505974245857	-2.167821878869768
0.819451164373888	0.3258252729199012	0.2534620251637039	0.2909559910482827	0.38482388806235657	0.3372375367642204	0.19114344657643517	-2.602899324908789
0.8117312264340842	0.973662121326742	0.3430187490641641	0.17754383692288195	0.12787655279581672	0.43010068279778946	-0.4467013401905375	-2.417231829150939
0.762743421579503	0.7015966933733429	0.5645087613169171	0.7011505365858643	0.5756430836447004	-0.36275247461120774	-0.658288452195024	-2.2846015696940953
1.066374887388597	1.0167223716897507	0.8021366668062525	0.32073283556833765	0.39166358420773295	-0.7346680727866356	-1.8131966103762227	-1.0497656624978142
1.206580411201198	0.974930059265514	0.2719503569503856	0.1619860040947723	0.22630863034451257	-0.1204590382925316	-0.4319325555790748	-2.289363867984776
0.9107188471579718	1.1918721089609607	0.36363119177263203	0.7985339647161903	0.35358875865068107	-0.783025802227375	-1.0841356282709178	-1.7511834407601432
0.42927044166511585	1.3196866619050942	0.2381411515176058	1.0813215320425666	0.4107897134707149	-1.6751911513744402	-1.2526741529670273	-0.5513441962596314
1.0724102023659212	0.8343877213682095	0.5211877582953455	0.4787479768856177	0.5577885981656391	-0.2747193219338306	-1.2958387861008307	-1.8939641490460708
0.6817396981718125	0.4556412485149772	0.629865360014779	0.5447518605131042	0.5965728510291436	0.2326944886963446	-0.7674152576731527	-2.373850249267009
-0.514705636360099	0.010878937758369421	0.693491685909313	0.15643522593273132	0.8013316022496477	0.7427421000776813	0.5125447135818344	-2.4027186291494793
0.9911907623444429	0.5182716155368358	0.6989907837476718	0.2935798020661671	0.37087615686405623	-0.10348103325888625	-0.338044378500713	-2.4313837087995744
0.4410449108408945	0.9768305259802889	0.8615633493363823	0.10535523046046523	0.18982549177406932	0.7123595849184484	-1.9194285844394792	-1.3675505088710695
0.8274483229113823	0.7918796610459373	0.3789731788943283	0.6412591266719734	0.4837229432024065	-0.08113884057004364	-0.7256071469152267	-2.3165372452407564
0.892588970889586	1.5527165505394716	0.20944080608524554	0.24431843566916778	0.14863031978514088	-0.11316437161465767	-1.050032268204599	-1.884498443149354
-0.18285065689866498	-0.08216993385363715	0.40522359815225834	0.8646862103580247	0.7760587840095025	0.7523438291697903	-0.11103934130844431	-2.422252489628826
0.20364665193282253	0.9592456768336574	-1.454130556682794	1.1231560841043073	1.1648889149568906	0.10058234872120791	-1.2675517672204781	-0.8298373526456153
-0.6293147404135407	0.30545519084659545	1.014112688600623	0.6050982910533568	0.5978417760311927	0.03507553736061884	0.4319917580996068	-2.3602605015784537
0.25570651149236	0.6049638734485298	0.2996203458926344	1.3101736954151855	0.8258161331674931	-0.21406381766443452	-1.163961315623148	-1.9182554261286215
0.20054758444692888	0.8666542586603102	1.0172312148540974	1.004099036281331	0.23580231503235866	-0.4058896648361239	-0.8732582827835518	-2.0451864616553497
1.0844410832593887	0.4086282630118143	1.645337466231756	-0.61925630463799	-0.6016006723483769	0.35085390707165764	-1.6384573265029228	-0.6299464160853268
0.5686807083801758	0.1289404595566311	0.24382190316745217	0.5700715574654294	0.4502895690125617	0.10853782161865308	0.5329244460068601	-2.603266465207764
-0.48647443895348874	0.03956903617131345	1.4446587043087458	1.0454031011820266	0.1295447997285256	0.4335416819449472	-0.6028074895923116	-2.0034353947897583
0.015728148683089933	0.33326588222690223	1.012591571731804	0.3826067044386366	0.7807664878412309	-0.054153876971726904	-9.08639818162393e-05	-2.4707140539681207
-0.12506911158835746	0.5429150225518067	-0.24452513264404604	1.2457004205636613	1.282376551839489	-0.07421139455964954	-0.6146697593392713	-2.0125165968236325
0.42554066232651677	0.9552370135026513	0.9426100663319673	0.011821367117138383	0.5439654991712083	0.03176490553548196	-0.5940488348183668	-2.316890679166596
0.9230444319176669	0.48711549780199015	0.742881912751046	0.569343862532896	0.24673020271033316	-0.5128010016373143	-0.0675327550214209	-2.388782151055195
0.49961042778340015	0.8385054364197737	0.9496542077899488	0.8400352306520575	0.4459837037132232	-0.5807790572637038	-1.0357796250109068	-1.957230324083792
0.6395695929314775	0.8803926502267134	0.5030250130672469	0.7684980063277674	0.1720208212047942	-0.13621475221630444	-0.4319882893485889	-2.395303042193106
0.8684878110706115	0.8519155113203816	0.3867781013473058	0.7367488090830843	0.37471402103406426	-0.1875627544066098	-0.788129289931641	-2.242952209517197
0.9321237340642767	1.3962185249479309	0.19965210964178232	0.3831910204281724	0.27738784734372623	-0.07256263100411744	-1.7283761513652143	-1.3876344540565573
0.17463391298485387	-0.05489213226861455	0.563759651748158	1.2173862505760866	0.1722834579825425	-0.0488610117219799	0.4171193813645449	-2.441429510665593
0.5115847081779552	0.9477840637677021	0.7895059647892841	0.8245394309458359	0.4215582865765398	-0.4197378775863395	-1.0609746614305304	-2.0142599152404475
0.7168359054509761	0.5132146515879227	0.9828768461803872	0.6102957497914445	0.11350109387675032	0.13552269563401184	-0.7832457681039556	-2.2890011744175403
0.10240273550354884	1.1066910979956301	0.05948631569827146	1.408649091712389	0.7936822054991834	-0.8644715476706819	-1.2650713247847716	-1.3413685739535703
-0.5056968829337966	0.48296308165626617	0.707140232182237	0.11298219164042693	1.080966453134126	1.0756147044024629	-1.8705587997473463	-1.0834109803343785
0.7174120635562382	0.6803965121194974	0.6477610862356654	0.75880922641103	0.5757350568521749	-0.18893343134566337	-1.062668397097064	-2.128512116731878
0.12252729513489281	0.4692795927501691	1.7054640964579684	0.6197795193041007	-0.1530571502115744	-1.4657829851421413	0.20453641453033777	-1.5027467828237482
0.5218290621152477	0.8748749037402436	0.3628176292656839	0.7135267972507217	0.7969838003048492	-0.10194597360772573	-1.0106453832459117	-2.1574408358231087
-0.2926128491119267	0.34351466986375045	0.7664840300917376	0.9661343942634457	0.9969428323342437	0.11851052904093148	-0.7195901619341889	-2.1793834445479936
0.8648653134619674	0.701757103616446	0.47831718975322257	1.1777754100513875	0.48128544617832103	-1.6083769046169498	-1.3020476039963742	-0.7935759544480233
0.24754405878318664	1.1641073215923965	0.774388426360181	0.48445880115487727	0.1025030827392197	0.48146945686328724	-1.3023606954602127	-1.952110452032934
0.8360348433666769	0.44647072071787713	0.4271092159556102	0.7669396692510781	0.41942892109552093	0.27675627929800634	-0.8633768106056635	-2.3093628390791063
0.8665922878058788	1.0021647695324771	0.7477700820684672	0.012364383933599076	0.5100393235336691	-0.18503383740045662	-0.7599271647565932	-2.193969844717045
-1.2883387631827024	0.844495780815901	1.0886663118788182	0.9207644821960141	1.0331091621191428	-1.203319882795225	-0.9270099824753905	-0.46836710855655844
0.6142799040019493	1.261372027423491	0.3922690257807668	0.49193832275647736	0.3884898128012282	-0.32388099883831395	-0.578240862599532	-2.246227231326068
-0.07598999322872771	0.6838000560415453	1.6220637643493394	0.5401870782687995	0.6558717719715852	-0.741558739928882	-1.2403508135291454	-1.4440231239445143
0.3867700880544451	0.5965956601120083	1.0857602965784166	0.7930171057829254	0.5485517243473989	-0.4229215098679032	-0.8841471776679558	-2.1036261873393363
0.022725263722203133	-0.0438366404328869	0.8531164536142577	-0.41795668896805965	0.33740134815811346	1.5999372874560966	-0.265496562407998	-2.085890461141729
-0.9143812780314319	-1.1894080403596108	-0.8246455313743638	-0.693703434173736	-0.07827817232030744	1.1298093328035845	1.2593845283696086	1.3112225950862586
0.5047680747143399	0.012772135791755913	-1.9972923707152614	-0.7580420245888728	-0.563753398851876	0.5483769086227305	1.0163189235258936	1.2368517515012918
-1.6998798137743965	-0.6164515368612995	-0.8359569839481774	-0.4531067603595311	0.260354016953548	0.9839629179624131	1.2189710275325418	1.1421071324949013
-1.1530191838329267	-0.4510626116864002	-1.2240070239321712	-0.18924439479102007	0.4925037559624531	-0.015025057196776336	0.4141041263082617	2.125750389168579
-0.9127654403452915	-0.4760984307575999	-1.1524712821973684	-0.7994511809254266	-0.4435586039689363	1.2248460018125769	1.293312693971899	1.266186242410149
-0.6826146238719528	-0.9825736041964952	-0.5951505269812687	-0.5133026556858352	-0.17106419573203963	0.2090562471013131	0.33437259097797106	2.4012767683883074
-0.8168794903372749	-0.9521834035190052	-0.6116544481068212	0.5595151907135624	-0.7021280726389432	0.7666796181937829	-0.3697099749424966	2.1263605806371975
-0.8084591820637557	-0.6773814472897518	-0.3675683898142217	-0.7083976688312776	-0.7989403589793916	0.1552866625491057	1.1280162970295176	2.077444087399777
-1.1735855055053346	-1.0812578776392558	-0.728468605118605	-0.2628264864019787	-0.4584897902831725	1.0300321195343396	1.2828790176116496	1.3917171278023572
-0.788497409433098	-0.03979873963156137	-0.3454642009176895	-0.7109022841468332	-0.6612531017666725	0.10180578243253685	-0.06587039177347744	2.5099803452367935
-1.435454439096009	-0.7363762015570687	-0.2300652893875997	-0.5888496415453168	-0.5184913559756499	0.7707080380754651	0.9305434058812074	1.8079854836049707
-0.79843966261377	-0.667424867032448	-0.7267778765481412	-0.7246083903292238	-0.4663890690397592	0.3202819825349222	0.8791474560500454	2.184210426978375
-0.9633619446762085	-1.305642342486477	-0.657283533589794	-0.16443036175438866	-0.08664317719847947	0.37946775100926877	0.749883743983766	2.0480098647123124
-1.111670164007891	-0.2600393107973959	-0.8702795840362173	0.07571391081826327	-0.9766968148994182	0.3634472124078901	0.6881426816878521	2.0913820688269165
-1.467211028734293	-0.9450115412016898	0.633211455271378	-0.4120483373600597	-0.519885712960714	0.04551073943200276	0.8040955690932639	1.8613388564601123
-1.047064556286752	-0.6972923016144833	-0.4762409428921728	-1.0436482505351523	-0.5070564622355366	1.0293346658886144	1.48412588203052	1.2578419656449626
-1.0610621345058135	-0.9146643111536729	-0.4850299206296648	-0.6934995191707811	-0.4059740418738557	0.575368304815911	1.06186277019489	1.922998852322987
-1.3803231725844394	-0.47419641316528754	-0.6967572816460224	-0.18294565452898445	-0.3915954222338867	-0.0035334018186815234	1.1766508696565148	1.9527004763207874
-0.9533230153240893	-1.1364513452121057	-0.34904329111288707	-0.942030472005632	0.17222231455280862	0.8079993367735223	0.4172507369080245	1.9833757354203574
-0.8964689149844287	-0.12081412407517564	-0.7539577695399148	-1.245831539708708	-0.47578526597067694	0.47535367700176184	1.3411197148617364	1.6763842224154069
-2.0283235146290832	0.23162146698329664	-0.8576512744443475	-0.2795648562721542	0.6315086552168591	0.10224183715487563	1.4074171315434167	0.792750554447132
-0.6216133919508336	-0.8609422515043165	-0.5448570962666032	-0.9199543950763863	-0.5715203756829916	0.4151482434060502	1.0971127955824718	2.006626471492609
-0.9906853813782206	-1.21260895531549	-0.9882597325546829	-0.36399886613214616	0.4250953389589981	0.3385684345995401	1.0450084435468143	1.7468807182751886
-0.2787823663006298	-0.7317225714253582	-1.2216281759271126	-0.8423733162269622	-0.6300768669539387	0.8638493309785651	1.3621561192024358	1.478577846653
-0.7675090021627652	-0.1710265854877797	-0.23640133807029645	-1.1897071390703755	-0.9977761267478577	1.6716246397980203	1.4332371395055161	0.25755841223553727
-0.3793169087031763	-1.0927375112475521	-0.6148264605790649	-0.5071464750690293	-0.8754945138998693	0.5465682723971595	0.8742043299227581	2.0487492671787746
-0.5675787244179322	-1.0707014465003006	-1.0889119616084997	-0.39290520352328334	-0.6271763540552657	0.9869240698130864	1.2958696110940318	1.4644800091981638
-2.071288403711469	-0.6251828794681688	-0.03811442982733467	-0.19070334552222498	-0.17740899714111913	0.8754727162619181	1.1516748207127208	1.075550518695675
-0.9816331333344387	-1.1131410670949917	-0.31123594905568985	-0.4840493920732951	-0.3083105121570237	0.220799109703786	0.8219385089506674	2.1556324350609857
-0.0873463818261478	-0.908182521783916	-1.7002968772768552	-0.6934754131079128	0.06462934161865883	0.9562218069584021	0.9940374935108641	1.374412551906908
-0.6920445930684326	-1.0052782113208407	-1.1758318749156313	-0.7654351566648151	-0.04139767389207359	1.1154555309864311	1.2204134326064002	1.3441185462689615
-1.5697670926932148	-0.44639222751297725	-0.342948261250731	-0.4354509015883718	-0.55030103872426	0.6262498727309653	0.7941079968189532	1.924501652219636
-2.1842732668486557	-0.7753675164846271	0.4043053165675921	-0.04323969337844366	-0.08277699084864801	0.701536578001074	1.0322315269072206	0.9475840460844898
-0.9343108905874596	-1.1024866995055147	-0.5094650133416703	-0.5650807246739138	-0.46631843836669246	0.5890424553582129	1.105485261802254	1.8831340493147848
-0.6555566009031099	-0.7528232230637389	-0.6734376222305415	-0.7387801708704699	-0.6081977240963681	0.5700007411288633	0.6474031290540434	2.2113914709813227
-0.46981537017143704	-0.5927699189420733	-0.2833214848838134	-0.46827358925705687	-0.36553746384851543	-0.3742018609457181	-0.06345959895658769	2.617379287005201
-0.36108842207989206	-1.0726536838116123	-0.7698028117566774	-1.213504851165605	0.0067335649673745	0.41763694477681246	1.5219159944242922	1.4707632646453077
-0.8747073615732597	-1.0549025082103212	-0.6013926014255306	-0.8724478157433024	0.24873052032491313	0.3112768385455046	0.7901023173431116	2.0533406107388887
-0.7106643662350413	-0.8726609350389115	-0.48319875789358674	-0.31475539604722697	-0.20113442837135645	-0.2974901200242397	0.4091784846695791	2.4707255189407835
-1.3739710851454854	-1.3416350814723328	-0.09990349503245864	-0.7531460708433347	0.38656046966128327	0.835670651577016	0.9140015899577705	1.4324230212975402
-0.5828378015800806	-0.6347048751215751	-0.5041673322077244	-0.5821874176384486	-0.5388492717527423	-0.5425042558580612	1.2744798602090124	2.110771093949619
-1.1299557347213374	-0.9175732993968233	-0.7236605344195437	-0.5763083958636338	-0.12951846510423862	0.4918414056709604	1.0981731492308373	1.887001874603779
-1.43830673772494	-0.9340898858555285	-1.1400789738240935	0.05323787397836078	0.4682736754466318	0.4134354178009727	1.4372558570574676	1.1402727731211306
-0.9912867139476914	-0.6330158821431751	-0.934417253347528	-0.5797996541210639	-0.4792685326082885	0.7594907614185179	0.921269664102027	1.9370276106471995
-1.0581960973735995	-1.0252116303486465	-0.3570683607978997	-0.46861455438363836	-0.34384798340168143	0.5693213877236235	0.49363242951007374	2.1899848090717677
-0.2950701975511055	-0.3048409181941333	-0.4094535210138064	-0.48252894439968264	-0.363407097259249	-0.6640578243772326	-0.09547721185661233	2.614835714651822
-1.2016164845160677	-1.4781264945741068	-0.9069387415894274	0.2711966429326151	0.7155183090573689	1.3441550760411682	1.056813509641015	0.1989981830074346
-1.2395331240315133	-0.9003029777893784	-0.8303810542019138	-0.5186340174211502	0.030302395770437706	0.6436705433923533	1.0090056202599793	1.8058726140211858
0.021970625489194675	-0.6370439997784283	-0.6116635548771863	-1.6469326718173343	-0.5166150831291743	0.6740880049787376	1.1378431220863743	1.578353557047815
-1.2657659582051777	-0.9165219308249152	-0.27555789288898486	-0.3942038394660085	-0.44606709012558987	0.33257686411472287	0.926128765814984	2.0394110815809694
-0.8805276439429621	-0.7893446866494985	-1.0188811408813343	-0.3629108103822287	-0.24398141432085857	0.4090537313770565	0.7226280536478518	2.1639639111519733
-0.8490044976125373	-0.09277794545735396	-0.8525630182142726	-0.34232147580733374	-0.1706503237460547	-0.38605146976873	0.2018566286467103	2.4915121019595725
-0.8206594087389399	-0.23106945887220237	-1.8039392408440404	-0.08149836640598376	-0.19031466038574932	0.41212442853341413	1.1130980651667435	1.6022586415467577
-0.7424255637341871	-0.9510907676204896	0.5203942377346674	-0.8706092905207375	-0.6726633141561178	-0.16948821679513376	0.783359148429562	2.102523766662437
-2.120150634741854	-0.1666276766384982	-0.010377334435399874	0.04617445379477863	0.015527445995920465	0.07982933190593877	0.32117999688619703	1.8344444172329173
-0.38650335638799665	-0.770510632613583	-0.604538806321325	-0.7071360213932245	-0.5898932471862416	-0.10911598706442252	0.87167482394574	2.296023227021053
-1.630426847461022	-0.7055886001200754	-0.7415467982545815	-0.2831405011392663	0.5878476280419809	0.2476642284407342	0.7064498237962565	1.8187410666959714
-1.1432161204631968	-0.9915938275165019	-0.048178854360358896	-0.5824470012840437	-0.3037892472447206	-0.04770345379534287	1.1023679390426155	2.0145605656215495
-1.3851743228996902	-0.40715774308898095	-0.5393438002173417	-0.7087335000732213	-0.25387845530340153	0.2759405566883895	1.047377036626448	1.9709702282677963
-0.6094003594405216	-0.7973588221875063	-0.5968465908899401	-0.35176460587001007	-0.49873073659501665	-0.16855822311043134	0.5982286449783892	2.4244306931150366
-1.3524755682234315	-0.36384772212212113	-0.8190799933326314	-0.10304304066265174	-0.12761396171887504	-0.06421881917649833	0.599276364936458	2.231002740299751
-1.4949581613208478	-1.125357589328895	0.06711804294393778	-0.0064744988937900224	-0.8027734443790632	1.3238111504325396	1.1172640797196765	0.9213704208264422
-1.3828432400495962	-1.5168287866013088	-0.13535386915697958	-0.3074127336048142	0.39302372506698	0.4874702135328521	0.8763802846870307	1.5855644061258365
-0.7887785597608604	-0.9097501521911653	-0.8082509999367289	-0.867806334662919	-0.32380787991426807	0.8024866133019325	1.1302669870252318	1.7656403261387779
-1.330266166948051	-1.0777274539099102	-0.883960324445903	0.17461152999696136	0.019598765488462736	0.3918580545440096	0.8827432949347541	1.8231423003396805
-1.4108676363650827	-1.3709309778708834	1.0196159491562802	-0.6673706317464293	-0.32049321222381333	0.8377049365387874	1.033662456517336	0.8786791159938036
-0.9041264320417739	-0.7623266960994534	-0.12890442633974392	-0.9453660830068579	-0.7571385408408724	0.5013012779694281	1.0642126759977832	1.9323482243614905
-1.5499946285594461	-1.0702178623320426	-0.22553289469135446	-0.24579831683988304	0.15940833739886623	0.2562122499964834	0.7593725472552488	1.9165505677721262
-1.5490069194427982	-0.7639727574011842	-0.2353100398774572	-0.414544361150189	-0.26573657023545566	0.5511739830968634	0.6940782071865913	1.9833184578236285
-1.009175830866667	-0.8822910591843102	-0.7723100861128405	-0.4124588677091198	-0.45867423244104977	0.5735968095304445	0.9744659780100832	1.9868472887734598
-0.6788982149494659	-1.6350089313983218	-0.8997294005676844	-0.5451374609829118	0.5337063562506826	1.1111218862917176	1.005312975393564	1.1086327899624202
-0.7316705886731509	-0.7924185221839091	-0.6395298890659388	-0.7309088437404796	-0.6801501904179972	0.5223174604373009	1.0263640847378563	2.0259964889063187
-0.5930590563793244	-0.8004430767530992	-0.8192196719622785	-0.7714148750114386	-0.7320898091265587	0.7348639102620073	1.1581694947098178	1.823193084260874
-1.0107339529205384	-0.5571148778368828	-0.21034663756430005	-0.5050376916855465	-0.08949427315925756	-0.26661035728591315	0.1350616147840592	2.504276175668379
-0.06381675270600816	-0.745672032063287	-0.5601603466383993	-1.2760321709596585	-0.6343741794283684	0.2797044799705328	0.9921672998543393	2.0081837019708497
-0.09147058384882342	-0.7428193795344775	-0.7512091382569612	-1.723243573164844	-0.03323321850571678	0.843798361631918	1.05879516633325	1.439382365345655
-0.8722458345077417	-0.9488923533612158	-0.8404506016600857	-0.7840446095497522	-0.17293051203206913	0.6298745410819587	1.24441632771489	1.7442730423140154
-1.2994309087042528	-1.3998634387004174	-1.1470977667788553	0.8843095872942547	0.8612571158747492	0.6468273900373511	0.8626830536073774	0.5913149673697916
-1.9389541746397951	-0.7662583212197831	0.15495349311838555	0.4210039180211106	-0.026977482925425594	-0.2080135867201497	0.6283981302425369	1.7358480241231213
-0.3725270823516401	-0.6811152693085222	-1.0839768026193823	-0.9204438427427133	-0.6137563157337713	1.5004236978898569	0.644316203745954	1.52707941112022
-1.9701415435025584	-0.3585138855710021	0.08512288670817522	0.2248422884631594	-0.6789111867388634	0.14479948181831315	0.9666237029719087	1.5861782558508695
-0.4957625045816466	-0.6556011138862526	-0.2533239484954207	-0.4937582182850361	-0.3602031804695784	-0.37146673433014515	0.03249238312523045	2.597623316922847
-2.2549207522320205	-0.367088634424465	-0.039645359103507374	-0.17341458490038933	-0.035622209110745	0.9742372843289195	0.9595709239152482	0.9368833315269619
-0.8318462781275235	-0.9196852657958966	-0.6359122346297089	-0.40810469121261006	0.09479702001496983	-0.21207429045290668	0.563373650293867	2.3494520899098092
-1.5737110250200048	-0.5610987842203845	-1.4721682724322638	0.29919928405947943	0.536531873222976	0.670558832013111	0.9877289472242969	1.1129591451527896
-0.3195543222644995	-0.5733989641608245	-1.1671721528420003	-0.5179257486507254	-0.3252860893148969	0.10934217078390547	0.417816857466066	2.376178248982974
-0.5400542081109928	-1.1841520069293	-0.9815285462597451	-0.7786869533747499	-0.08990399198724537	0.6434927684489491	1.367138059398714	1.563694878814369
-0.4560188902076371	-0.68981889489334	-1.1499662234623595	-0.3540795755926505	-0.7602772226398324	0.3784605363981464	0.9907097228206886	2.040990547576989
-1.7280301785403116	-0.9792088402125774	-0.4037475756183817	-0.38213264456541707	0.16840270850151692	1.1188134767625646	0.974660690597011	1.2312423630755929
-0.675968691551692	-1.0807952154500151	-0.9483180718249005	-0.9597992790660276	0.15617447090603645	0.6559069318931876	1.5500695147095949	1.302730340383816
-1.7044042932049597	0.43564321334992306	0.08501414820976959	0.17886781934703522	-1.6087907392878578	0.8923861350221457	0.8567418249082832	0.8645418916556602
-0.8132538983173756	-0.374092877622948	-0.6929370281040855	0.40954100113796454	-1.0313207892728724	-0.6289892932048765	1.2574754141566846	1.873577471227504
-0.7806591424197933	-0.8032459908613959	-0.5592833099709841	-0.6326388296984101	-0.16701853347192452	0.13045463780215463	0.39806567548068206	2.4143254931396716
-0.8963278518276663	-1.3375769416166294	-0.5563882452053314	-0.7315951270891761	-0.08850058166560672	1.0922595364562555	1.5683657438976515	0.9497634670505022
-0.8556781997454377	-0.6287662655576142	-0.663738195628719	-0.5254580154669415	-0.7534717482444802	0.4392959436884485	0.811416841283909	2.176399639670835
-1.2539985406596392	-0.03947592985493105	0.822808710405561	-1.2522122807298044	-1.133185366819972	0.8533002921881624	0.7157952936331488	1.2869678218374774
-1.426304715356649	-0.3902977417816343	-0.9720673374374037	-0.7074923382801186	0.2450210812339797	0.8318209559325154	0.6225715030776711	1.7967485926116344
-0.5665172826431104	-0.6755261242243464	-0.8080467438648169	-0.8263684159240653	-0.7211985583840942	0.5565320387702164	1.055362500741693	1.9857625855285232
0.12080307781962946	-0.9985698663302778	-0.7038716045054982	-1.2194940762668633	-0.4012016403877382	0.31540396910343516	0.9058599352015457	1.9810702053657665
-0.04458441907497959	-1.506513839423741	-1.2566574472003202	-0.720813369027752	0.5830066282627872	1.3585962967978684	1.0974214092555405	0.48954474041059653
-0.40341249042670024	-1.6538124410219837	-0.5023150485379303	-0.39227156432367316	-0.5295435747615478	0.691369613959622	1.2440830373652336	1.5459024677469821
-0.9508623270655499	-1.0095130993884547	-0.8619025405836158	-0.9501268793551134	0.4246906500147993	0.9311774906661476	0.7266831742874796	1.689853531424307
-1.251085104952656	-0.10140053883836211	-0.4611186489478123	-0.22187157158272533	-0.93974798353389	2.04125238399022	1.0486461452520166	-0.1146746813867924
-0.9836981610375718	-0.5880430872804776	-0.26060366277522945	-0.6668614579964617	-0.6882031895621429	0.22124795861498442	0.6917865519102109	2.2743750481266916
-0.4025291837477304	-0.14515520545832442	-0.9941003608918036	-1.1161226098029293	-0.6710434851338539	0.5601283229267012	0.6823774875181592	2.086445034589782
-0.6136311385295471	-0.4553650775016948	-0.6921805817954316	-0.608558061128422	-0.758042222679436	0.02123930227974238	0.7896344896421553	2.316903289712634
-0.7071116308203488	-1.0504564549713824	-0.76373398458792	-0.6737949725377693	-0.32625742121243767	0.5536521367732014	0.9629663548256184	2.0047359725310385
-1.1506262274701098	-0.7319001576176444	-0.6203039758448428	-0.34604281287254773	-0.38214578351773604	0.1670631026829836	0.9123003605894738	2.1516554940504236
-0.7625133882199281	-1.0537490795861726	-0.8558365481777478	-0.7669840213542334	0.3131727056535515	0.41570586218638095	0.6326159431210655	2.0775885263770837
-0.9785160479675914	-0.925362636664906	-1.098881866320965	-0.8261626304912664	0.3460662080593498	1.2988825335164491	1.3204543435541154	0.8635200963148139
-0.06971843947087711	-0.04563522681670612	-0.9725993363550121	-0.5841112379954518	-0.8453191242009067	-0.4113173811743221	0.5886989245994833	2.3400018214137925
-0.8192931220958375	-0.8848166170049745	-0.7199089897850931	-0.8184714943081348	1.0725749878316768	1.3953183945289547	-0.602742774241986	1.3773396150753945
-0.9244264572311391	-0.5809996084739367	-0.7573165682051903	-0.32407317040044975	-0.6472536704534249	0.21420741046736433	0.766722513773908	2.2531395505228664
0.4222486291224716	0.1853024585219823	-1.8892050737676733	-0.019606603390178425	-0.9623841880358692	0.3428130722277309	0.14512832164242095	1.7757033836791156
-0.6923240051555648	-0.8063772197386999	-0.5615550330036785	-0.47398642705392846	-0.6127206088824779	-0.06802893670741464	0.9820786302067365	2.2329136003350274
-1.3183982713714244	-0.9766966487977142	-0.14331336268748407	-0.4864024643205659	-0.16604833177020561	0.24880687605051105	0.7418146818591337	2.1002375210377493
-0.005612720119197402	-0.1784693144550759	-1.0697617281580114	-0.9056460915581066	-0.5941466566676036	-0.06683447708815626	0.49685528599830153	2.323615702047849
-1.3454745358234963	-0.8740331861873806	-0.7409982805540958	-0.5506700121743493	0.6830947189842034	0.4601513299980904	0.4452009658090243	1.922728999948004
-0.9828113494344252	-0.7498180890264263	-0.3531476550292274	-0.6565144616118765	-0.6427951847920889	0.3672800236169346	0.8707532086870717	2.147053507590038
-1.141503853216126	-0.7028470384090272	-0.559892505328879	-0.21003495091544486	-0.6045785440511715	0.23189111857300704	0.7988211980844454	2.1881445752631956
-1.2662006191506197	-1.150657923455517	-0.4971796458001876	-0.11588155597044093	-0.36863195597607706	0.4653539979210425	1.1856736325935269	1.7475240698382728
-0.703659155666738	-1.0790482019994563	-0.7248325517162182	-0.778274876616226	-0.242485175785477	0.3638134890241109	1.5071495435805022	1.6573369291795021
-1.2684918401455532	-0.6638240847623211	-0.38304621392946714	-0.7573709228267116	-0.6018490052785901	0.7428263182905048	1.5615906478916919	1.370165100760446
-0.6683608610161833	-1.976820303980532	0.6876451937266728	0.3523614279966698	-0.48975892582866337	0.12279347384894243	0.3345906680428685	1.6375493272102266
-0.9554820023169655	-0.8124016723780194	-0.724418343935608	-1.0634085230721706	-0.14941004078988274	0.9342317270261397	1.2486722864772672	1.522216568989239
-0.9828656653580546	-0.627245880125831	-1.003581850810852	-1.019844330791863	-0.07313028318965398	1.1679650425991497	1.2440340856615884	1.2946688820155154
-0.8998794314349529	-0.559133471250342	-1.0285692376391329	-0.7478543110243038	-0.569444287939934	1.0154286893492588	1.3096894640205212	1.4797625859188814
-0.42267328156802747	-0.6566271435833472	-0.9813843448133214	-0.9551180078801175	-0.6378643153631284	0.6077361700461194	1.7463045743711025	1.2996263487907196
-0.7406370498909437	-1.337634337340133	-0.7916566293143904	-0.4113214438813667	-0.01430886503788151	0.5167508045964929	0.7818826355846569	1.9969248852835666
-0.5259471094205496	-1.0811696719277892	-0.5649082589623587	-1.275936721688211	-0.23729557019797123	1.353736702161282	1.1514521137943308	1.1800685162412672
-0.914005860867788	-1.3099417104110478	-1.236566269766876	0.07850469684089341	0.2757441592004268	0.546282707166144	0.9179327142356264	1.6420495636026216
-0.8802381622102226	-0.5735510020755292	-0.5767430097907623	-0.8511502595927356	-0.857683359734263	0.7070230843563412	1.4610477564641056	1.5712949525830704
-2.0469831241529035	-0.023892951239321652	-0.023210924931712396	-0.3782276391323818	-0.5230831799987121	0.8597230987359156	0.6363276581410197	1.499347062578097
-1.3239285884448226	-0.577909721038614	-0.7078596509707308	-0.5541714896602974	-0.08144971973209959	0.5998640288584893	0.5355253219740148	2.1099298190140607
-2.2524451816346245	-0.8936063775827695	0.40291497829883904	0.6021907690541648	0.29006997122886896	0.36600985357465504	0.3666226406161026	1.1182433464447636
-0.6055810641003485	-0.8250888958476754	-0.9597777608442006	-0.8400268549837417	-0.16454806217394144	0.3524341343717361	0.9989327215447599	2.043655782033411
-0.20181307353473674	-0.37636421737991693	-0.7671119507518681	-0.49855985745808973	-0.8241045691089416	-0.08938904464525133	0.26242975568494437	2.4949129571938604
0.3275709710945304	-0.7088209268976884	-1.1137956949015977	-1.4088949097045955	-0.08217224573042776	1.5472624613782893	1.3230914196756893	0.11575892508580128
-0.7025146094294838	-1.2195284235991217	-0.6329473287303318	-0.8056819604237044	-0.418800433025923	1.2470777441787082	1.3934157365196114	1.138979274510247
-0.35091445647155833	-1.469929960933175	-0.2603801005493522	-1.0942611381520917	-0.35985517724392907	0.8743697479672194	1.2394966543949748	1.4214744309879128
-1.1593226583212093	-0.4551100517084787	-0.09113198380490393	-0.7329157129400693	-0.7798352191581405	0.08664987868749485	1.127621174075764	2.004044573169543
-1.585452395707884	-1.039433461867806	-0.1659147539682122	-0.5661033959001823	0.06376913099807431	0.6257554589708787	1.1047517870486316	1.5626276304264999
-1.1091962846608368	-0.8240067999968392	-0.38864964076841546	-0.5732607299633347	-0.4812555163965523	0.39208301560550585	0.870571304608547	2.1137146515719207
-0.9265500724007797	-0.17317406888641054	-0.4674927046216543	-0.6043701787330314	-0.6653814597715548	-0.049195132307130206	0.4639035549018088	2.4222600618187538
-0.5504073856243207	0.04371349400728526	-0.0585608475407726	-0.488146207235693	-0.8504311326023156	-0.5710375197094815	-0.05516297688625407	2.530032575591552
-2.2530734181253043	0.0547576296321478	-0.05624895095041818	0.023802602841148896	-0.41392763843102093	0.4267643390609625	0.8810693707477868	1.3368560652246997
-0.9465304107269481	-0.9362916087194153	-0.6267906265610219	-0.6782749993930001	-0.39538522635612877	0.5524151440542518	1.1154454333962398	1.915412294306022
-0.42024118573604086	-0.9579607135596019	-1.394332263388316	-0.47696994075278526	-0.2347085033604863	0.6144237217715863	1.737877212853408	1.1319116721722366
-0.6502186864643446	-0.9352181181616163	-1.315992983363543	-0.029880561578494735	0.41576539710490173	-0.05872763767216661	0.42687387406015515	2.1473987160751093
-2.3064096009404547	-0.12988460564704157	0.2966377980115184	0.6240631190130127	0.2923553862991742	0.10986529267616614	-0.30028937777657705	1.413661988364202
-0.8758651773665977	-0.7266143744713023	-0.42069194524825027	-0.8772935468790112	-0.8099627806716632	0.8245070165110474	1.0836937343313688	1.8022270737944082
-0.9986024113068488	-0.9779837367730273	-0.7171823530601196	-0.6050046652991351	-0.4638861389306095	0.8628877527842248	1.4803546930439486	1.419416859541567
-0.32729830933481474	-1.0061318971936448	-0.9356195257727706	-0.9787455023579669	-0.1384955385467938	0.3331672859711814	1.1685919139028835	1.8845315733319252
-1.3025585943589575	-0.8975719199758727	0.11607567349203267	0.3703680796756202	-0.27351542864648903	-0.6314190400591785	0.45931931683805305	2.1593019130347897
-0.7062791299617319	-0.3274196849463918	-1.1267859860713632	-0.8343212660208498	-0.724774138451382	1.0610790701745278	0.9805192820595555	1.677981853217635
-1.2244413483257652	-0.9509446102337309	-0.5831950126456121	-0.4245596431513603	-0.42014778411429043	0.5978162996522791	1.3892885672956998	1.61618353152278
-0.7845680439434383	-0.6736030998321498	-0.5451607092745615	-0.7863589994037226	-0.33779672529530175	0.007242368702386986	0.8414338639600818	2.2788113450867047
-1.4720007551383063	-1.5475452662253284	-0.17147210413483632	0.102740107998665	0.19835156024877965	0.5064118222285228	0.8298236697671799	1.5536909652553237
-0.650478681152793	-0.7634206812664609	-0.4791715386033553	-0.6490624519693408	-0.554692429846659	1.3219328943800366	-0.27721364933725096	2.052106537795825
-1.8008284750005712	-0.8715492298962869	-0.6129120532841689	-0.3615702059250323	0.7701182804723277	0.8972057540652126	1.2483051626387394	0.7312307669297768
-1.305139181665882	-1.3815287929189926	0.587597070255304	0.5427957792378544	0.6071683151779796	0.6350091808707344	-1.052677115773013	1.3667747448160146
-1.8733514319617064	-0.42100981166502865	0.1654345575504064	0.4132800938309325	-0.4395548508058689	-0.0018787202939794393	0.18539207880458738	1.971688084540656
-1.5876347680592378	-0.949646532111071	-0.6467592834880347	-0.30252109815419725	1.1187037729014557	1.1437645940976002	1.2280307975401543	-0.003937482726669119
0.6598396634948704	-1.684552088323355	1.0917766783769636	-1.6048189489437419	0.09489874823922015	0.06944722349280298	0.6511990419324064	0.7222096817308343
-0.9703031317216281	-1.201870106368014	-0.009005501875821527	-0.876448859548167	-0.1257548665238643	0.33936782386385733	0.8429641755677322	2.001050466605905
-0.7754026390740657	-0.37561452832619013	-0.9391047418408707	-0.38830194320623884	-0.742368117099891	0.1717039879545095	0.8188858165827776	2.2302021650099695
-1.0517349085258108	-1.2498475193870435	-0.7114347943956799	-0.43166276381569396	-0.10899959864624534	0.6976751712947236	1.2515787246191525	1.6044256888565962
-1.4541696972581393	-0.630984582742187	-0.5883206857051491	-0.00014065348218465478	-0.23249506511822626	0.2147039295470268	0.503343357418311	2.188063397340548
-0.8340062850171585	-1.0278767716650286	-0.6550667048502131	-0.40469352777289325	-0.6960679836704664	0.5969135973969345	1.1557244515143816	1.8650732240644428
-2.393234295935072	0.8269685605677155	-0.3140433741682275	0.13170763521300913	-0.21121043752715446	0.9660458890139407	0.5185913034715564	0.47517471936423167
-0.6522173725554016	-0.5761326006818412	-1.2035081409011894	-0.7996497465975256	-0.1703854871062897	0.6019083534737685	0.7505583979958363	2.049426596372643
-0.8491455034783659	-1.357455607392592	0.09137594413143768	-1.2678313319193038	0.5194472275401667	0.9817643328855223	1.5797352449815063	0.3021096932516307
-1.54035127289439	-0.049977988572604506	0.07366020763002225	-0.020628676867196313	-1.4765011702162978	0.9150176334704461	0.6026164129255261	1.496164854524494
-0.972944424851323	-1.0751370297751548	-0.8183360842524512	-0.7953059064344645	0.2427174071660239	0.8561552914429276	0.7718871098189859	1.7909636368854556
-0.6646003109843028	-1.0481561948749685	0.07507814461218408	-0.9875484642756642	-0.9724915892068184	0.8720549769388847	1.192617209001481	1.5330462287892035
-0.6547873139472187	-0.0009402374655848641	-0.44479153366378854	0.32076725354210506	-0.942421836130616	-0.6597202094780863	-0.05613418490988418	2.4380280620530717
-1.1503347625960623	-1.0926184670542745	-0.43673782722350085	-0.844667175458025	-0.13960901631644534	1.0180170140109823	1.2172949109185365	1.4286553237187885
