chr1	2400000	3800000	0.8670555182846905	48	3.6371722734959553
chr1	3800000	5450000	0.8535533905932737	76	3.468583317006828
chr1	6650000	7900000	0.8707106781186548	133	4.396482461876949
chr1	14300000	15400000	0.6744448490677951	286	1.0356239097307214
chr1	17900000	20100000	0.8829490157126652	358	4.684375835295094
chr1	24950000	26250000	0.803497840558862	499	4.4957306895467815
chr1	30150000	31300000	0.9633883476483185	603	4.966476612136409
chr1	32650000	34050000	0.8744743347942346	653	4.892555546758536
chr1	34050000	35200000	1.0	681	0.0
chr1	35200000	36400000	0.6457621235585611	704	4.57234400829481
chr1	36950000	37950000	0.8535533905932736	739	2.220329954879556
chr1	38400000	39400000	0.882842712474619	768	3.3143339939190133
chr1	40100000	41050000	0.7269045263121754	802	3.6889076785384045
chr1	41550000	42600000	0.8791886252409293	831	3.2822544520105787
chr1	46800000	47750000	0.8	936	3.0
chr1	49150000	50750000	0.934912618041455	983	0.005399987742589676
chr1	50750000	51750000	0.921030513642851	1015	3.8876227468431677
chr1	54400000	55500000	0.7361359120657514	1088	3.9066605824120555
chr1	55500000	57250000	1.0	1110	2.0776702742327515
chr1	57250000	59100000	0.8249850015401775	1145	3.001802242633985
chr1	60350000	61400000	0.9023689270621824	1207	2.8698714061777126
chr1	61400000	62500000	1.0	1228	4.239168878665448
chr1	67950000	68950000	0.5957239873208662	1359	5.360469630172831
chr1	68950000	70250000	0.9201200312326947	1379	1.4737869116143674
chr1	72500000	74350000	0.8771392421000285	1450	2.8459917706645728
chr1	76300000	77550000	0.7449747468305832	1526	1.37016428054021
chr1	77550000	78550000	0.9023689270621825	1551	3.9518675043269025
chr1	80650000	81900000	0.8025842840678356	1613	5.193377510564362
chr1	83200000	84350000	0.7721941631450924	1664	0.0
chr1	84350000	85650000	0.8590533961144174	1687	3.4086073595596145
chr1	87600000	88600000	1.0	1752	4.744430229987922
chr1	88600000	89950000	0.8805548919615352	1772	2.3699105752655054
chr1	97400000	98450000	0.882842712474619	1948	1.875780063068488
chr1	99050000	100200000	0.8771585767777683	1981	3.44857062600553
chr1	101950000	103700000	0.9511844635310913	2039	0.010779838753242761
chr1	104100000	105200000	0.9581581115980783	2082	0.0
chr1	105200000	107700000	0.7131237566797701	2104	1.890446692679906
chr1	111200000	112400000	0.6366993774599026	2224	4.184887008072693
chr1	114400000	115500000	0.9375	2288	3.579904210898128
chr1	118600000	119600000	0.9581581115980782	2372	0.014355292977070055
chr1	151100000	152000000	1.0	3022	5.312526018020222
chr1	154200000	155100000	0.9023689270621825	3084	5.591007288965236
chr1	157000000	158150000	0.8169417382415922	3140	2.1792214978288147
chr1	158150000	159050000	0.7071067811865475	3163	1.3054399720987935
chr1	160450000	161350000	0.875	3209	4.416801146023613
chr1	161350000	162700000	0.9295266980572089	3227	2.4287974982343097
chr1	163400000	165100000	0.8790157434977179	3268	3.0984532463092744
chr1	165950000	166850000	0.9023689270621825	3319	2.0755326311673574
chr1	168250000	169400000	0.9633883476483185	3365	2.0128240403575837
chr1	169900000	171350000	0.8069476517495431	3398	0.8371359139231831
chr1	171350000	172650000	0.7973778282549667	3427	3.1709042767537254
chr1	175000000	176200000	1.0	3500	2.2600256559614555
chr1	176850000	177900000	0.7071067811865475	3537	0.014355292977070055
chr1	180400000	181350000	0.819035593728849	3608	3.4683971267709253
chr1	189350000	190400000	0.7071067811865475	3787	0.0
chr1	191250000	192450000	0.8060660171779822	3825	0.0
chr1	194350000	196050000	0.9639593991448431	3887	0.0
chr1	198650000	199550000	0.8535533905932737	3973	0.0
chr1	199550000	200550000	0.844887651767585	3991	1.5418452024208789
chr1	202050000	202950000	0.8535533905932737	4041	4.316285013359011
chr1	204900000	205800000	0.5	4098	2.6391597951099683
chr1	206700000	207900000	0.8361427157873054	4134	3.181730291654918
chr1	208450000	210650000	0.8076135728278074	4169	2.7159931799523895
chr1	213250000	214450000	0.9023689270621825	4265	1.2110121934855116
chr1	214850000	215850000	0.8326324463923127	4297	2.91169158187234
chr1	215850000	217500000	0.9457822456130025	4317	0.0
chr1	220050000	220950000	1.0	4401	3.0761029790857917
chr1	221650000	222700000	0.824535599249993	4433	0.9411063109464315
chr1	224650000	225550000	0.8618033988749895	4493	1.424922088210688
chr1	228750000	229700000	0.5514401255621684	4575	1.9467308601403097
chr1	233450000	234500000	0.8744743347942345	4669	0.3895668117627256
chr1	237850000	240100000	0.7542102141131516	4757	0.0
chr1	242200000	243250000	0.7583772504818588	4844	0.0
chr1	243250000	244600000	1.0	4865	3.341477523374102
chr10	1150000	3100000	0.7776600234284423	23	0.0
chr10	6550000	7750000	0.9023689270621824	131	0.10433665981473553
chr10	7750000	9350000	0.9837281545103638	155	5.160779041053011
chr10	9350000	11400000	0.8228660402319674	187	3.1164479355116574
chr10	12200000	13250000	1.0	244	4.296579768173734
chr10	17450000	18550000	1.0	349	1.9733051333345797
chr10	19050000	20000000	0.6481812160876684	381	0.0
chr10	21100000	22250000	0.8155069236911359	422	2.5240636757772106
chr10	23400000	24800000	0.6349820487268487	468	0.34955400086492383
chr10	27600000	28750000	0.9633883476483185	552	1.805292455600712
chr10	28750000	29700000	0.9267766952966369	575	3.269594251683373
chr10	29700000	30950000	0.7303300858899107	594	2.857781988983262
chr10	30950000	32200000	0.8793570624858994	619	2.758445321576658
chr10	35900000	37150000	0.7367334404538488	718	1.886550147324343
chr10	37150000	38100000	0.7071067811865475	743	0.0
chr10	49850000	50750000	0.9414213562373096	997	1.714695118783631
chr10	54550000	55500000	0.882842712474619	1091	0.0
chr10	57450000	59800000	0.9471515631060535	1149	4.7742599514327635
chr10	60250000	61350000	0.5701367322083228	1205	0.030924573194900707
chr10	66400000	67950000	0.9315426084981315	1328	0.0
chr10	75950000	77050000	0.790790557990391	1519	3.844402392613997
chr10	79650000	81150000	0.9483129613858613	1593	8.892967745764063
chr10	81150000	82050000	0.9267766952966369	1623	2.5453506448222996
chr10	83550000	84550000	0.9581581115980783	1671	1.185866545311334
chr10	84550000	85850000	0.9349126180414551	1691	0.0
chr10	87150000	88100000	0.9267766952966369	1743	0.0
chr10	88750000	90300000	0.9023689270621825	1775	2.9977440260596318
chr10	91550000	92500000	0.7720759220056126	1831	0.0
chr10	95400000	96350000	0.9023689270621824	1908	1.7958263069562528
chr10	96850000	98150000	0.7072487534831544	1937	3.487743583019698
chr10	98150000	99450000	0.8373956306405352	1963	4.780310099043375
chr10	99450000	101100000	0.880130833401557	1989	3.476327677307944
chr10	101100000	102100000	0.8744743347942345	2022	3.3208972302197868
chr10	105250000	106200000	0.8535533905932737	2105	3.4004137252841486
chr10	106200000	108350000	0.9415221044460813	2124	0.0
chr10	108350000	111550000	0.7590839566612126	2167	0.0
chr10	112900000	113850000	0.565685424949238	2258	0.0
chr10	114200000	115400000	0.8409482154510667	2284	2.8132681417660796
chr10	116050000	117500000	0.8576783947341315	2321	5.028613351735412
chr10	119100000	120200000	0.9166666666666665	2382	1.8313705879675408
chr10	120800000	121700000	0.7	2416	4.440650246325718
chr10	121700000	122700000	0.9163162231961564	2434	4.636914580355878
chr10	122700000	124400000	0.9272122928032844	2454	4.792276955593771
chr10	127550000	128550000	0.8333333333333334	2551	2.0596148562972223
chr10	130700000	131950000	0.9414213562373095	2614	3.7948057312466523
chr10	131950000	134600000	0.788082973940962	2639	3.2515297501237814
chr11	6750000	8050000	0.80078552303391	135	3.528831747241393
chr11	8050000	9000000	0.7324045318333192	161	6.436977989342319
chr11	10900000	11850000	0.5137067878119201	218	0.17419333307911597
chr11	13450000	14400000	1.0	269	3.8756572125518822
chr11	15750000	16700000	0.8535533905932737	315	5.89105457835059
chr11	18900000	20650000	0.9122933696275085	378	2.8154729610873326
chr11	20650000	22150000	0.8535533905932737	413	0.0
chr11	27650000	28600000	0.7071067811865475	553	1.5897634869849775
chr11	29400000	30300000	0.882842712474619	588	0.0
chr11	31150000	32300000	1.0	623	4.679855385985
chr11	32900000	34450000	0.9023689270621824	658	5.674283080152805
chr11	35500000	36800000	0.8292109403236039	710	3.3292671408955243
chr11	37500000	38450000	0.8242640687119285	750	0.0
chr11	38900000	40200000	0.7869867499538528	778	0.0
chr11	40200000	41400000	0.9121320343559642	804	0.0
chr11	41400000	42650000	0.8861427157873053	828	0.0
chr11	44600000	45850000	0.8462400684884556	892	3.331582386901024
chr11	55550000	56550000	0.882842712474619	1111	0.0
chr11	57450000	58400000	1.0	1149	3.881645043949536
chr11	58400000	59300000	1.0	1168	0.9030382701129122
chr11	61200000	62100000	1.0	1224	6.559939144503425
chr11	66050000	67250000	0.8793570624858994	1321	5.265767394537152
chr11	67250000	68250000	0.7884068880649888	1345	6.661022711533477
chr11	70250000	71450000	0.8894427190999916	1405	4.3428154613611865
chr11	71450000	72350000	1.0	1429	4.924163243715493
chr11	73600000	75100000	0.9217216809816517	1472	3.6966088662746843
chr11	75100000	76000000	1.0	1502	8.413630279454061
chr11	78300000	79850000	0.8228430347877158	1566	0.03562390973072122
chr11	79850000	80900000	0.8242640687119284	1597	0.0
chr11	80900000	82350000	0.763901289366209	1618	0.0
chr11	84350000	85250000	0.9414213562373096	1687	0.0
chr11	87150000	88450000	0.794785517010844	1743	5.852935185959254
chr11	90000000	91050000	0.9414213562373096	1800	0.0
chr11	92600000	93500000	0.882842712474619	1852	2.110752987888818
chr11	96950000	98100000	0.7071067811865475	1939	0.0
chr11	98950000	100350000	0.9790790557990392	1979	0.0
chr11	103600000	105950000	0.8007938517725789	2072	3.018743722340698
chr11	105950000	107150000	0.7722854315746106	2119	0.021479727410451396
chr11	110350000	111300000	1.0	2207	0.10768786931437331
chr11	112100000	113150000	0.8373467368390075	2242	0.026209879322848628
chr11	114600000	116050000	0.9166666666666666	2292	0.5655971758542251
chr11	119250000	120150000	0.882842712474619	2385	2.483216928794475
chr11	121500000	122400000	0.6333333333333333	2430	0.06350294230615795
chr11	123500000	124500000	1.0	2470	1.0130691500195212
chr11	125350000	126250000	0.7722854315746106	2507	4.7460317643799295
chr11	126250000	127900000	0.8887820360123073	2525	0.0036022366801955253
chr11	127900000	128800000	0.9023689270621825	2558	4.843146382458149
chr11	128800000	129700000	0.7722854315746106	2576	0.6724253419714956
chr12	4950000	6000000	1.0	99	0.0024024902153046133
chr12	6600000	8000000	0.6983967508550953	132	7.648653980697154
chr12	8600000	9600000	0.9511844635310911	172	3.902716778180464
chr12	16200000	18300000	0.7090684806237517	324	4.94173234482082
chr12	18300000	19550000	1.0	366	0.36064520246021614
chr12	19550000	20850000	0.8888888888888888	391	2.4888577325705152
chr12	21800000	22800000	1.0	436	5.290361207686149
chr12	23350000	24950000	0.9157961140623294	467	0.3617683594191536
chr12	24950000	26250000	0.8217855964894212	499	1.9592137387846091
chr12	27000000	27900000	0.5771601883432527	540	3.660183937961317
chr12	27900000	29200000	0.9201200312326949	558	2.390598905552461
chr12	29600000	31000000	0.7933325654359916	592	2.3056057895854294
chr12	31400000	32450000	0.8047378541243649	628	3.077990647684061
chr12	33000000	34200000	0.7429961096932651	660	1.4541758931858022
chr12	41250000	42450000	0.9707106781186547	825	0.0
chr12	42900000	43800000	0.7071067811865475	858	4.218393711076788
chr12	44350000	45400000	0.819035593728849	887	0.09085343045111348
chr12	45400000	46450000	0.7894427190999915	908	3.3280465562707424
chr12	46450000	47350000	1.0	929	5.976019877729256
chr12	48100000	49200000	0.9267766952966369	962	3.7136958148433585
chr12	49200000	50150000	0.8535533905932737	984	8.019244654755767
chr12	50150000	51150000	1.0	1003	4.114391523708819
chr12	52450000	53400000	0.9414213562373096	1049	3.903629213536183
chr12	58250000	59650000	0.7850133987732651	1165	3.8790522237837335
chr12	59650000	61000000	0.8826825949348397	1193	0.7676547982373466
chr12	61000000	62600000	0.7501604382739442	1220	0.0
chr12	65650000	66550000	1.0	1313	2.581833270240715
chr12	67350000	68500000	0.8791886252409294	1347	3.4947356048627967
chr12	70150000	71200000	1.0	1403	4.068756785161765
chr12	71200000	72400000	0.6543430329473346	1424	2.114669889452092
chr12	72400000	74050000	0.8826444717110826	1448	0.0
chr12	74900000	75800000	0.9023689270621825	1498	2.533314156566792
chr12	77350000	78550000	0.9633883476483185	1547	1.7384075683401126
chr12	78550000	79750000	0.9060355974096117	1571	1.5631581304028077
chr12	79750000	80700000	0.7269045263121755	1595	2.6235157414905492
chr12	81850000	82750000	0.9414213562373096	1637	0.007195501404203767
chr12	84200000	85350000	0.7519684418199447	1684	0.014355292977070055
chr12	87400000	88400000	0.7071067811865475	1748	0.0
chr12	97400000	98400000	1.0	1948	0.0
chr12	100200000	101150000	0.9414213562373095	2004	1.6634711327209155
chr12	102200000	103200000	1.0	2044	3.2620679917923714
chr12	104350000	105550000	0.8084045244717941	2087	4.525520809095069
chr12	105550000	106700000	0.8535533905932737	2111	4.686724617746093
chr12	107400000	108950000	0.8508933797092237	2148	3.863752651839385
chr12	112900000	113800000	1.0	2258	3.386598738625855
chr12	115050000	116350000	0.9267766952966369	2301	0.21412480535284734
chr12	120550000	121800000	0.7899867529653857	2411	7.98786402315227
chr12	125500000	128600000	0.7154477817751311	2510	3.57440430902258
chr12	129100000	130450000	0.9098790095958609	2582	2.452419721281924
chr12	131250000	132500000	0.8894427190999916	2625	6.070603998681302
chr13	22250000	23350000	0.8744743347942348	445	0.0
chr13	25050000	26000000	0.629273453374358	501	2.6615215958527605
chr13	30700000	31700000	0.7316171919370917	614	3.606146078065724
chr13	34350000	35750000	0.8016990253579134	687	2.0678107837896214
chr13	36450000	37550000	0.8901650429449552	729	2.039840264531791
chr13	38600000	39500000	0.6363961030678926	772	2.724104519866845
chr13	40250000	41400000	0.9267766952966369	805	3.1540079475590246
chr13	41400000	42850000	0.9224438258837926	828	3.54256760776422
chr13	43500000	44450000	0.8242640687119285	870	3.2627839162002297
chr13	46050000	46950000	1.0	921	0.5424349481842677
chr13	47450000	48450000	0.819035593728849	949	0.0
chr13	48450000	49350000	1.0	969	4.354161208430918
chr13	49350000	50500000	0.747843437679087	987	3.795927481737028
chr13	50500000	51650000	0.9267766952966369	1010	2.0394308814986117
chr13	52450000	53750000	0.8434433619633035	1049	2.553549548089695
chr13	53750000	56850000	0.6663149308822037	1075	0.0
chr13	56850000	58150000	0.7349086108166552	1137	0.0028825085331213654
chr13	58150000	59450000	0.9023689270621824	1163	1.3132458517875616
chr13	61050000	62050000	0.9023689270621824	1221	0.014355292977070055
chr13	62650000	63700000	0.9023689270621824	1253	0.0
chr13	63700000	65050000	0.8873487619948262	1274	0.0
chr13	65050000	66150000	0.8867295401695069	1301	0.0
chr13	66150000	67900000	0.9633883476483185	1323	1.0071955014042038
chr13	67900000	68850000	0.8535533905932737	1358	0.0
chr13	68850000	70000000	0.7036492638549277	1377	0.0
chr13	70000000	71100000	0.8169417382415922	1400	0.0
chr13	73300000	74300000	0.7071067811865475	1466	2.0881415968690176
chr13	74950000	75950000	0.9511844635310913	1499	0.0
chr13	75950000	77050000	1.0	1519	4.327974725005777
chr13	78800000	80100000	1.0	1576	2.3998546735724315
chr13	83050000	85450000	0.7957559796454294	1661	0.0
chr13	85450000	86550000	1.0	1709	0.0
chr13	87450000	88400000	0.8535533905932737	1749	0.056583528366367514
chr13	88400000	89850000	0.8172754816462112	1768	0.0
chr13	90650000	91650000	1.0	1813	0.0
chr13	91650000	92850000	0.9674563090207275	1833	0.4802651220544629
chr13	92850000	95100000	0.8146892976602367	1857	0.007195501404203767
chr13	96700000	97600000	0.7071067811865475	1934	1.3074285251922473
chr13	98550000	99450000	1.0	1971	3.895302621333307
chr13	100250000	101250000	1.0	2005	1.2393980415665555
chr13	102500000	103600000	0.7927050983124841	2050	2.3096936070271035
chr13	104450000	105350000	1.0	2089	0.0
chr13	107800000	108900000	0.825191746523308	2156	1.4444903850658142
chr13	109550000	110750000	0.8901650429449554	2191	1.1795110502715103
chr13	111200000	112150000	1.0	2224	4.264020286214447
chr14	23550000	24550000	0.7652382686481025	471	3.9915542385280043
chr14	25000000	26850000	0.7717473227011702	500	0.017921907997262315
chr14	28150000	29150000	0.7071067811865475	563	0.0
chr14	30000000	30950000	0.9414213562373096	600	1.7761039880731644
chr14	30950000	31950000	0.7316171919370917	619	3.3382659291148404
chr14	31950000	33050000	0.8791886252409292	639	0.8914191868460786
chr14	38300000	39500000	0.9023689270621824	766	7.570994128743228
chr14	40000000	45250000	0.43455652300526265	800	0.0
chr14	46850000	48000000	0.8576783947341317	937	0.0
chr14	48000000	48900000	1.0	960	0.0
chr14	48900000	50000000	0.9267766952966369	978	0.0
chr14	52750000	53800000	0.9414213562373096	1055	3.4797623031947227
chr14	53800000	54850000	0.7071067811865475	1076	7.6729909938277485
chr14	55500000	57000000	1.0	1110	4.781767690794683
chr14	57000000	57900000	0.7071067811865475	1140	2.430062204551996
chr14	58650000	59550000	0.9414213562373096	1173	4.729069313811106
chr14	60000000	61000000	0.8030457633656631	1200	2.8928767000606896
chr14	62400000	63750000	0.7929723656440777	1248	6.77190758138322
chr14	65500000	66400000	1.0	1310	4.742814669862894
chr14	66800000	67750000	0.8535533905932737	1336	1.638460049213781
chr14	70000000	71450000	0.843621358445767	1400	3.508301872353306
chr14	76150000	77200000	0.7722854315746106	1523	3.571373435973201
chr14	78300000	79300000	0.8326324463923127	1566	0.5160151470036649
chr14	82100000	83050000	0.8535533905932737	1642	0.0
chr14	84450000	86150000	0.7842294694184063	1689	6.214221966348331
chr14	86550000	88250000	0.8256694553078254	1731	0.0
chr14	89500000	90450000	0.8242640687119285	1790	2.730639955916791
chr14	93650000	94750000	0.9285714285714286	1873	5.932903694594039
chr14	97400000	99850000	0.9062039890204473	1948	0.005399987742589676
chr14	101250000	102200000	0.8242640687119285	2025	0.07724299893246035
chr15	22650000	23650000	0.9414213562373096	453	3.6177980259027787
chr15	23650000	25050000	0.8197580191917215	473	1.9388503370060637
chr15	25850000	27100000	0.866866718721158	517	0.0
chr15	28350000	29400000	0.7269045263121754	567	3.0229004021100785
chr15	35750000	37450000	0.8459879778361694	715	3.24767438684571
chr15	40750000	41700000	0.5334982451822127	815	3.762140792967949
chr15	47450000	48550000	0.9581581115980783	949	2.1740867785504
chr15	49600000	50500000	0.8242640687119285	992	1.0257375614136084
chr15	53100000	54150000	0.9581581115980783	1062	0.0
chr15	54150000	55450000	0.8558375965793723	1083	0.0
chr15	55450000	56650000	1.0	1109	2.598776627466258
chr15	56650000	57850000	0.9674563090207274	1133	4.067273006528804
chr15	64450000	65700000	0.9467466874884631	1289	5.558323301103411
chr15	65700000	66700000	0.7612038749637414	1314	4.566953495578907
chr15	67600000	68500000	0.882842712474619	1352	2.7467427157777364
chr15	69750000	70900000	0.9375	1395	4.794155897876407
chr15	70900000	71800000	1.0	1418	4.90552740646254
chr15	76200000	77250000	1.0	1524	3.9677834360272892
chr15	79200000	80200000	1.0	1584	5.202221796397874
chr15	80650000	81650000	0.8666666666666666	1613	2.1882426562644097
chr15	84050000	84950000	1.0	1681	0.32192809488736235
chr15	86400000	88100000	0.8786039432791353	1728	0.0
chr15	88900000	90750000	0.759079603586682	1778	4.477053646145237
chr15	91600000	92600000	0.7722854315746106	1832	0.43562859405209065
chr15	92600000	93600000	0.5638545534952365	1852	2.9747587304760787
chr15	93600000	95700000	0.8083430844197583	1872	0.026209879322848628
chr15	95700000	96900000	0.8947213595499959	1914	5.269033146455238
chr15	96900000	97800000	0.7071067811865475	1938	0.14077865578279594
chr16	2000000	3100000	0.7525381361380528	40	7.386709616465744
chr16	5200000	6750000	0.9186407725518188	104	0.0
chr16	6750000	8550000	0.8218376618407357	135	0.0
chr16	9250000	10350000	0.6847485280120451	185	0.03562390973072122
chr16	12050000	13050000	0.8791886252409293	241	2.859259665295278
chr16	13900000	14850000	0.6380711874576983	278	3.2024177215751815
chr16	15400000	16450000	0.6869486790532873	308	4.3363726607855275
chr16	16450000	17700000	0.8046935136970601	329	6.072320216032703
chr16	21500000	22500000	0.8666666666666668	430	4.523151767052551
chr16	22500000	23650000	0.9023689270621825	450	4.920610899560861
chr16	25850000	27050000	0.8169417382415922	517	0.0
chr16	32100000	33250000	0.8242640687119285	642	0.030924573194900707
chr16	47000000	48200000	1.0	940	3.575796375329082
chr16	50850000	52000000	0.7912578159510714	1017	0.070389327891398
chr16	52000000	53000000	0.9511844635310913	1040	0.0
chr16	54350000	55350000	0.8326324463923129	1087	0.007195501404203767
chr16	58800000	59850000	0.9414213562373096	1176	0.0
chr16	60400000	62250000	0.7766875092028571	1208	0.04264433740849372
chr16	62250000	63300000	1.0	1245	0.0
chr16	65200000	66350000	0.8169417382415921	1304	0.0
chr16	68350000	69300000	0.9023689270621824	1367	3.9740244644471163
chr16	72100000	73300000	0.8568533939059602	1442	3.097610796626422
chr16	73300000	74300000	1.0	1466	0.0
chr16	75750000	77150000	0.9098790095958609	1515	0.0
chr16	78200000	80500000	0.9017897237102162	1564	0.02856915219677092
chr16	82500000	83900000	0.8422882667927565	1650	5.6464507064831775
chr17	3550000	4500000	0.7357022603955158	71	4.7464824985820755
chr17	5350000	6400000	0.8894427190999916	107	4.920531506277905
chr17	9600000	10700000	0.8901650429449552	192	1.1052949428395993
chr17	10700000	11950000	0.8105777222858805	214	1.2606279081266987
chr17	11950000	12950000	0.7212496525266316	239	4.343526265304398
chr17	12950000	14250000	1.0	259	1.4356285940520908
chr17	15000000	15900000	1.0	300	3.5519891875374348
chr17	16800000	18100000	0.787887806407748	336	4.265444792379188
chr17	18100000	19100000	1.0	362	4.753040447851211
chr17	38750000	39900000	1.0	775	1.6753510277139378
chr17	44050000	45050000	1.0	881	3.4740820076576324
chr17	45900000	46850000	1.0	918	4.1970003955275486
chr17	47350000	48350000	0.9023689270621825	947	5.025041102443397
chr17	48350000	49350000	1.0	967	5.580453871938431
chr17	49350000	51200000	0.7915125966550641	987	0.0
chr17	51200000	52950000	0.8413495064760463	1024	0.0
chr17	53900000	55100000	1.0	1078	3.3677704276001146
chr17	55850000	57200000	0.8314339041056165	1117	3.898406257587913
chr17	57200000	58100000	1.0	1144	4.521813533456953
chr17	60450000	61850000	0.8420933534999968	1209	4.576805539798239
chr17	63200000	64150000	0.782842712474619	1264	0.611172380044005
chr17	64800000	65900000	0.719481793609121	1296	2.848108221322251
chr17	66550000	67450000	0.9023689270621825	1331	1.925456950025339
chr17	68700000	70600000	0.7449648998234293	1374	0.0
chr17	72800000	73800000	0.9511844635310913	1456	5.3024182843970635
chr17	77700000	79050000	0.9078689325833263	1554	4.330578317816892
chr18	850000	2050000	0.882842712474619	17	0.0
chr18	4100000	5150000	0.5514401255621685	82	0.014355292977070055
chr18	19450000	21100000	0.9603553390593275	389	3.0927571409198524
chr18	21100000	22000000	1.0	422	2.7970129778361454
chr18	22000000	23000000	0.7946278254943947	440	4.737326222849721
chr18	23000000	24350000	1.0	460	4.9177300979353475
chr18	25850000	27950000	0.8070865558992841	517	0.0
chr18	31450000	32450000	1.0	629	1.835924074254375
chr18	33500000	34400000	0.7203067944372926	670	3.4280530351181002
chr18	35150000	37200000	0.8633404467345298	703	0.0
chr18	39600000	41150000	0.8641090754481908	792	0.007195501404203767
chr18	41150000	43100000	0.842790718972361	823	0.3132458517875614
chr18	43700000	44650000	0.7269045263121755	874	0.9818526532897407
chr18	46050000	46950000	0.8242640687119285	921	3.4995270242150958
chr18	49100000	50400000	0.9154320376686506	982	0.0
chr18	50400000	51600000	0.8394427190999916	1008	0.0
chr18	56950000	58250000	0.7669223286977439	1139	2.828631581688019
chr18	62250000	63500000	0.7071067811865476	1245	0.0
chr18	64750000	66400000	0.8552033922496168	1295	2.571272297129114
chr18	66400000	67700000	0.7586723204160283	1328	0.021479727410451396
chr18	68250000	69500000	0.934912618041455	1365	0.0
chr18	70350000	71700000	0.8648185143937912	1407	0.056583528366367514
chr18	72250000	73250000	0.8535533905932737	1445	1.8663145613770473
chr18	75550000	76950000	0.9549395047979304	1511	2.94063660720115
chr19	1900000	2800000	1.0	38	6.813066197270066
chr19	3650000	4700000	1.0	73	5.842413204573309
chr19	4700000	5750000	0.9511844635310913	94	5.9615152918789605
chr19	10050000	11050000	0.9581581115980782	201	5.093060634579157
chr19	11700000	12900000	0.9210305136428512	234	4.665348838712988
chr19	12900000	13900000	0.8860379610028064	258	6.274186384507218
chr19	17400000	18450000	1.0	348	6.4019935140182875
chr19	19700000	22200000	0.6966369551473781	394	2.0288217027516198
chr19	33550000	34900000	0.9027777777777777	671	4.657640005207825
chr19	36650000	37700000	0.9023689270621825	733	1.5407436982323142
chr19	41800000	43000000	0.7449127387225145	836	5.701079044948801
chr19	43000000	43950000	0.8047378541243649	860	0.21412480535284734
chr19	43950000	45100000	0.7885800941716263	879	2.9810095471738656
chr19	45400000	46300000	0.9267766952966369	908	4.564193810371613
chr19	49100000	50500000	0.9372371673971173	982	7.290927735006552
chr19	50500000	52300000	0.8585028268746808	1010	2.90151785851489
chr19	52700000	54250000	0.6470213181038692	1054	1.8550516640889005
chr2	3800000	4900000	0.8169417382415922	76	0.0
chr2	5600000	6950000	0.8150918521317353	112	0.0
chr2	6950000	8850000	0.8368871000624971	139	2.950468414150123
chr2	10850000	11800000	1.0	217	4.522118539187344
chr2	11800000	13250000	0.9471450235429066	236	3.255752490419925
chr2	13250000	15200000	0.8874616083849197	265	0.0036022366801955253
chr2	15750000	16700000	1.0	315	0.2047667506546134
chr2	16700000	17700000	0.7240762770085143	334	1.993674361750585
chr2	17700000	18600000	0.9414213562373096	354	1.2504563397543242
chr2	18600000	19600000	1.0	372	1.3088850574117634
chr2	20900000	23500000	0.7461514197775432	418	1.8692133924646457
chr2	24500000	25450000	0.9078689325833262	490	4.257717833227403
chr2	30950000	31900000	1.0	619	1.028569152196771
chr2	32750000	33850000	1.0	655	4.451458409785833
chr2	33850000	35500000	0.9149990737364917	677	0.0
chr2	38150000	39050000	1.0	763	4.321464296938413
chr2	40900000	42000000	0.7509739283128184	818	0.0
chr2	44150000	45150000	0.8744743347942345	883	2.6203518068184004
chr2	48900000	49850000	0.9267766952966369	978	0.0
chr2	50700000	52100000	0.7193619865618196	1014	0.0
chr2	53100000	54000000	0.7071067811865475	1062	1.5084286525318573
chr2	54000000	54950000	0.9414213562373096	1080	3.4086439359350926
chr2	54950000	55850000	0.8242640687119285	1099	6.705718773699627
chr2	59150000	60850000	0.8727326838446486	1183	0.056583528366367514
chr2	60850000	62050000	0.8654320376686505	1217	3.4836366606160794
chr2	71300000	72350000	0.9023182522881197	1426	3.811265503776744
chr2	73550000	74700000	0.8179363508747836	1471	4.563717442636003
chr2	74700000	76000000	0.8590533961144177	1494	4.224032147983792
chr2	76000000	76950000	0.7777777777777777	1520	0.0
chr2	76950000	78300000	0.7746975239896519	1539	0.0
chr2	78300000	79300000	0.823966707566624	1566	0.0
chr2	80900000	83550000	0.7084739423190652	1618	0.0
chr2	83550000	84550000	0.9511844635310913	1671	0.0
chr2	99050000	100150000	1.0	1981	3.0482943201617863
chr2	100150000	101100000	1.0	2003	1.304511041809953
chr2	102550000	103450000	1.0	2051	1.9382857918840528
chr2	103450000	105650000	0.7220269612045542	2069	0.0
chr2	105650000	106700000	0.7702200572599404	2113	5.397194486509358
chr2	107250000	108800000	0.804737854124365	2145	0.00480098626382128
chr2	114850000	118550000	0.6579308833358513	2297	0.0
chr2	118550000	119700000	0.8535533905932737	2371	2.905735977667027
chr2	121000000	122050000	0.8373467368390075	2420	0.019701914442548207
chr2	123250000	127750000	0.5371145270123802	2465	1.021479727410452
chr2	127750000	129550000	0.9075941713047697	2555	3.535392031880699
chr2	129550000	130600000	0.9163162231961564	2591	0.0
chr2	133050000	133950000	0.9023689270621825	2661	4.694415930513323
chr2	135700000	136600000	1.0	2714	3.784678463795824
chr2	137250000	138600000	0.9511844635310913	2745	0.0
chr2	138600000	139600000	0.8678511301977578	2772	1.7683607904417404
chr2	139600000	140500000	0.9023689270621825	2792	0.0
chr2	140500000	141650000	0.7654541440584457	2810	0.0
chr2	143900000	145250000	0.8873487619948259	2878	3.0027025203798234
chr2	145250000	146600000	0.8104256850717491	2905	3.6176511194273306
chr2	147400000	148650000	0.8341640786499873	2948	1.2172307162206693
chr2	150450000	151400000	0.9023689270621826	3009	5.247357916131104
chr2	153650000	155300000	0.9560660171779821	3073	0.02856915219677092
chr2	156150000	157050000	0.8242640687119285	3123	0.0
chr2	160850000	162200000	0.8539983817994324	3217	4.304291992533389
chr2	162200000	163200000	0.8535533905932736	3244	1.2056606137816521
chr2	163950000	164900000	1.0	3279	1.0496307677246008
chr2	170200000	171100000	0.6421334847649001	3404	2.3830927951243193
chr2	180900000	181900000	0.844887651767585	3618	6.135042286233652
chr2	185400000	186600000	0.8016645053851474	3708	0.16349873228287956
chr2	187350000	188400000	0.7614223231766	3747	4.846206740000788
chr2	188400000	189400000	0.9023689270621825	3768	5.925702781351336
chr2	191000000	191900000	0.9414213562373096	3820	3.7646251981301257
chr2	197650000	199200000	0.9137340886388865	3953	4.438403755606637
chr2	199200000	200700000	0.9471404520791031	3984	0.4436066514756146
chr2	203200000	204200000	0.7907905579903909	4064	2.8841094513592296
chr2	204850000	205750000	0.8242640687119285	4097	1.269033146455237
chr2	205750000	206900000	0.7993033988749895	4115	6.696758928739037
chr2	209200000	210150000	0.9511844635310913	4184	0.0
chr2	212550000	213500000	1.0	4251	0.021479727410451396
chr2	217500000	218550000	1.0	4350	0.014355292977070055
chr2	220500000	221500000	0.8153009687409354	4410	0.0
chr2	221500000	222500000	0.882842712474619	4430	3.145677455195635
chr2	223500000	224700000	0.6710091201958825	4470	3.41886457739032
chr2	226550000	228050000	0.96875	4531	1.0908534304511135
chr2	228850000	230600000	0.9242491881391444	4577	0.009586048829197932
chr2	230600000	231800000	0.6349978387184807	4612	3.454175893185802
chr2	232500000	233400000	1.0	4650	4.725604841008892
chr2	239950000	241000000	0.7702200572599404	4799	3.572552865561368
chr20	1500000	2550000	0.8102378596455088	30	4.408842477222912
chr20	9450000	10500000	0.882842712474619	189	1.269531917433719
chr20	10500000	11550000	0.8373467368390075	210	2.4161641647331282
chr20	11550000	12850000	0.8102378596455088	231	3.6199998298213574
chr20	12850000	14100000	0.9707106781186547	257	1.0937533209569084
chr20	17400000	18350000	0.8666666666666668	348	3.910684699169456
chr20	18350000	19600000	0.8372815451036375	367	3.1917995010650753
chr20	22250000	23450000	0.8120711948192234	445	4.208205089504448
chr20	30050000	31400000	0.882842712474619	601	4.587615020406401
chr20	35700000	37100000	0.9395943126204646	714	6.1910969638199616
chr20	38600000	39600000	0.882842712474619	772	1.9411063109464317
chr20	40300000	42050000	0.8934433619633035	806	0.0
chr20	43500000	44500000	0.6242640687119285	870	3.5365192133534293
chr20	46300000	47200000	0.7535533905932736	926	5.530913483529707
chr20	49400000	50850000	1.0	988	3.2922909531554523
chr20	50850000	52050000	1.0	1017	0.007195501404203767
chr20	53350000	54900000	0.953017798704806	1067	0.0
chr20	54900000	56050000	0.7660474656666573	1098	3.7389993904546315
chr20	58550000	60550000	0.7786253528861844	1171	0.05426966252812099
chr20	60550000	61550000	0.9166666666666665	1211	8.036657701092041
chr21	17000000	18650000	0.8855330513196455	340	3.3847405872923835
chr21	19800000	20800000	0.8535533905932736	396	0.0
chr21	23900000	24850000	0.8242640687119285	478	0.0
chr21	25500000	26750000	0.7814721888829599	510	0.0
chr21	29050000	30300000	0.7560660171779822	581	2.583759753639499
chr21	31350000	32400000	0.7071067811865475	627	0.0
chr21	36100000	37500000	0.9642857142857143	722	4.485169180050906
chr21	37500000	38400000	1.0	750	1.9500536082125643
chr21	39700000	40700000	0.8326324463923127	794	5.417008586788777
chr21	40700000	42450000	0.9201200312326946	814	3.8026527837342403
chr22	18800000	20250000	0.8353710126495104	376	5.697029859862425
chr22	20700000	21700000	0.7536629600351639	414	3.722799943009994
chr22	22350000	23300000	0.75	447	0.19534759832221926
chr22	24150000	25050000	0.7071067811865475	483	6.0135260662257535
chr22	26800000	27800000	0.8373467368390075	536	4.449750011517387
chr22	29700000	30700000	1.0	594	4.598910513800375
chr22	30700000	31800000	0.8373467368390075	614	4.379539276463282
chr22	33550000	35600000	0.6338434948568523	671	0.4032677223393011
chr22	35600000	36850000	0.664902910955215	712	4.7692427951405385
chr22	39850000	40750000	1.0	797	5.841004457701771
chr22	42000000	42950000	0.7264911064067352	840	4.555407169930371
chr22	45150000	46500000	0.8535980534500098	903	3.2700305160358436
chr22	47650000	48900000	0.9733733437442316	953	0.0036022366801955253
chr22	48900000	50100000	0.7947213595499959	978	1.4141355329844512
chr3	2200000	3250000	0.9023689270621826	44	2.71699089440494
chr3	3250000	4250000	1.0	65	0.021479727410451396
chr3	4250000	5300000	0.8867295401695068	85	3.8241950393994504
chr3	5300000	7000000	0.9707106781186547	106	0.11103131238874395
chr3	7000000	8300000	0.7591173116221868	140	0.0
chr3	8300000	9450000	0.7721941631450924	166	2.94778302625542
chr3	10400000	11900000	0.8825825214724776	208	3.920089092273576
chr3	11900000	12900000	0.7630915409285535	238	6.550524486354949
chr3	12900000	14750000	0.7061411869194198	258	3.403320167766753
chr3	15700000	16600000	0.5669417382415922	314	3.697884997071589
chr3	18550000	19900000	0.6628010873055767	371	0.007195501404203767
chr3	19900000	20950000	0.9023689270621824	398	2.0676387168753636
chr3	22100000	23000000	0.8242640687119285	442	0.0
chr3	23000000	24000000	0.7071067811865475	460	9.451347130952527
chr3	24800000	25800000	0.7071067811865475	496	3.553667688483063
chr3	25800000	27200000	0.7725698210163476	516	1.6386531164661118
chr3	28850000	30000000	0.934912618041455	577	3.4309542713857293
chr3	32200000	33900000	0.8584452427672674	644	5.135343329484828
chr3	34750000	36000000	0.9201200312326948	695	0.0
chr3	38550000	39450000	0.7885800941716263	771	7.791911723207094
chr3	40300000	41400000	0.6747912612810701	806	6.6234425806578106
chr3	41900000	42850000	0.804737854124365	838	3.2489901604413025
chr3	45000000	46800000	0.9122933696275084	900	2.7927782461899535
chr3	50350000	51450000	0.6155201076247159	1007	6.006003417400173
chr3	53950000	54850000	0.618718433538229	1079	0.0
chr3	55400000	56550000	0.823966707566624	1108	1.4905701304462016
chr3	57150000	58500000	0.9497466904999962	1143	4.962480977368598
chr3	59250000	61450000	0.8084904551809724	1185	0.2630344058337938
chr3	67000000	67900000	0.6683281572999747	1340	1.790772037862
chr3	67900000	69000000	0.7071067811865475	1358	0.03562390973072122
chr3	71800000	73100000	0.8613521576502652	1436	1.377322098623288
chr3	74050000	75200000	0.9267766952966369	1481	0.04963076772460043
chr3	75800000	77350000	0.8989989175188591	1516	1.102658131363739
chr3	77350000	78650000	0.8922588984322122	1547	0.0
chr3	78650000	79550000	1.0	1573	0.0
chr3	79550000	80700000	0.7910533905932737	1591	2.097610796626422
chr3	81350000	82400000	0.9023689270621825	1627	4.462379571841023
chr3	83650000	86000000	0.8858408576356833	1673	0.0
chr3	87200000	88350000	0.9375	1744	2.4386730584705
chr3	95250000	96600000	0.7972277715906867	1905	0.1473066987802935
chr3	100400000	101400000	0.6204757192910175	2008	4.695332704728674
chr3	102450000	103650000	0.8947213595499958	2049	0.0
chr3	104250000	105250000	0.7536629600351639	2085	4.871104373555458
chr3	106850000	108250000	0.8873487619948262	2137	2.8424760629939394
chr3	108800000	109900000	0.6629126073623882	2176	0.021479727410451396
chr3	109900000	111250000	0.8150918521317354	2198	2.4718377624222865
chr3	123300000	124400000	1.0	2466	3.5883248679119157
chr3	124400000	125350000	1.0	2488	4.4239142676731
chr3	125350000	126250000	0.7071067811865475	2507	3.515314367351819
chr3	126250000	127250000	0.8242640687119285	2525	2.040307988653537
chr3	133250000	134300000	0.9511844635310913	2665	4.274973174660431
chr3	134300000	135700000	0.8395548894133151	2686	0.9975935022929048
chr3	135700000	136800000	0.9023689270621824	2714	3.4091646132819724
chr3	136800000	137750000	0.7071067811865475	2736	0.0
chr3	137750000	138750000	0.8030457633656634	2755	2.5070757558992347
chr3	139150000	140950000	0.9244570863149222	2783	2.320304149325612
chr3	143550000	144550000	0.790790557990391	2871	3.6627751719377764
chr3	144550000	145650000	0.9581581115980782	2891	0.0
chr3	146350000	147900000	0.9396785312429496	2927	0.007195501404203767
chr3	152650000	154000000	0.7844168717389138	3053	1.8339020766691634
chr3	157350000	158350000	0.790790557990391	3147	0.9398534276363496
chr3	160250000	161250000	0.7536629600351641	3205	2.330148601692331
chr3	161250000	162700000	0.9450825214724776	3225	0.0
chr3	162700000	165650000	0.8243889007340806	3254	0.16349873228287956
chr3	165650000	166950000	0.7603600936980843	3313	0.0
chr3	167650000	168650000	1.0	3353	2.952333566369686
chr3	173050000	176150000	0.6712315332350892	3461	1.74416109557041
chr3	179450000	180400000	0.5722854315746106	3589	2.2831809789455697
chr3	181500000	182450000	0.8157378651666526	3630	0.0
chr3	187450000	188800000	0.8470177968644247	3749	2.4754091934010622
chr3	189600000	191200000	0.9494968481326254	3792	1.8753869045864557
chr3	191200000	192250000	1.0	3824	0.0
chr3	193350000	194250000	1.0	3867	4.627256626927326
chr3	194250000	195200000	1.0	3885	6.294804519994467
chr4	650000	1800000	0.9023689270621825	13	5.037554115794603
chr4	1800000	3000000	0.7938505434181141	36	4.969767032443309
chr4	3550000	4900000	0.8376220997327701	71	2.678447558035184
chr4	4900000	5950000	0.9511844635310913	98	2.730277651786085
chr4	13600000	14850000	1.0	272	2.00539998774259
chr4	16400000	17500000	0.8901650429449554	328	7.097926772909684
chr4	17500000	18650000	1.0	350	3.5888645181901477
chr4	19200000	20300000	0.656599153958937	384	2.752748591407134
chr4	20700000	21800000	0.68977530353517	414	0.0
chr4	21800000	22750000	0.9023689270621824	436	2.6135316529179273
chr4	22750000	23750000	1.0	455	0.0
chr4	24400000	25300000	1.0	488	3.3053625840823435
chr4	28100000	29000000	0.618718433538229	562	0.0
chr4	29700000	30650000	0.6204757192910175	594	0.0
chr4	30650000	31750000	0.8535533905932737	613	3.1243281350022016
chr4	32500000	33600000	0.7727475644174329	650	0.0
chr4	33600000	35950000	0.8377207140204913	672	0.0
chr4	35950000	37400000	0.9342008497187474	719	0.0024024902153046133
chr4	41950000	43000000	0.7857142857142858	839	2.550900664647523
chr4	43750000	44750000	0.8326324463923128	875	1.6305219634716384
chr4	44750000	46800000	0.8084971710041746	895	0.0
chr4	48200000	49100000	0.7071067811865475	964	4.360978730952455
chr4	57900000	62650000	0.5010352977034911	1158	8.200518575837267
chr4	62650000	64950000	0.9155846022687135	1253	0.0
chr4	65550000	67650000	0.7873882410364307	1311	0.29865831556451516
chr4	68250000	69250000	0.7357022603955158	1365	2.0073749299276478
chr4	69250000	70150000	1.0	1385	0.0
chr4	70150000	71400000	0.8308640753373011	1403	1.7372747099851702
chr4	73150000	74050000	0.8242640687119285	1463	2.174725987706134
chr4	74050000	75050000	0.8496019422142798	1481	2.2914009594836915
chr4	76950000	78150000	0.8914213562373094	1539	4.092661054134317
chr4	79900000	80800000	1.0	1598	0.0036022366801955253
chr4	81300000	82200000	1.0	1626	0.0
chr4	82200000	83200000	1.0	1644	0.014355292977070055
chr4	84450000	85450000	1.0	1689	0.1342209397606334
chr4	87000000	88200000	0.7668741413769926	1740	2.060912049587874
chr4	90100000	91250000	0.7967216809816519	1802	5.328091448995246
chr4	92100000	93200000	0.9511844635310913	1842	0.0
chr4	93200000	94100000	0.7071067811865475	1864	0.0036022366801955253
chr4	97900000	99000000	0.9023689270621826	1958	0.0
chr4	99000000	100000000	0.8571428571428572	1980	4.0399279743558685
chr4	100950000	101850000	0.7071067811865475	2019	4.247737672658933
chr4	104900000	105850000	1.0	2098	0.0
chr4	107850000	108900000	0.9023689270621824	2157	4.282625134191675
chr4	112050000	112950000	0.882842712474619	2241	0.0
chr4	112950000	114100000	0.8734919064303392	2259	1.4633608858166582
chr4	115800000	117000000	1.0	2316	0.0
chr4	117000000	118500000	0.9633883476483185	2340	0.33055840003080245
chr4	119200000	120450000	0.9121320343559642	2384	4.045413846294048
chr4	127550000	128450000	0.8535533905932737	2551	0.0
chr4	129050000	130150000	0.9267766952966369	2581	2.46532151358055
chr4	131200000	132700000	0.8276650429449552	2624	0.0
chr4	134150000	135850000	0.878564869306645	2683	0.3729520979118291
chr4	136700000	137850000	0.9023689270621825	2734	0.0
chr4	137850000	138750000	0.882842712474619	2757	1.185866545311334
chr4	138750000	139900000	0.9633883476483185	2775	4.185470146066942
chr4	141300000	143100000	0.9565685424949237	2826	2.2315092108670465
chr4	145050000	146000000	0.9166666666666667	2901	5.733535118139393
chr4	148900000	150150000	0.7429961096932651	2978	2.0565835283663674
chr4	150850000	151950000	1.0	3017	2.3214471163728594
chr4	155400000	156300000	1.0	3108	1.9289492853021375
chr4	158100000	159000000	0.9023689270621825	3162	0.0
chr4	160450000	162150000	0.8744743347942348	3209	0.0
chr4	162150000	163900000	0.8445487479329891	3243	1.3248106034204838
chr4	164550000	165700000	0.8169417382415921	3291	0.0
chr4	171100000	172650000	0.9504441738241592	3422	0.0
chr4	174400000	175300000	0.9267766952966369	3488	1.8025379057598285
chr4	175300000	176750000	0.8551237822087165	3506	0.0
chr4	177300000	178550000	0.9674563090207275	3546	2.7920744619288698
chr4	178550000	183250000	0.5316891218278853	3571	1.0959244199985356
chr4	185150000	186050000	0.8535533905932737	3703	2.8791456051256143
chr4	186050000	187100000	0.9023689270621824	3721	3.15822515131571
chr5	2100000	3600000	0.7587938198006862	42	0.0024024902153046133
chr5	6800000	7850000	1.0	136	0.02856915219677092
chr5	8650000	10200000	0.9705882352941176	173	0.04264433740849372
chr5	11350000	13900000	0.7674102964607497	227	0.0
chr5	15100000	16050000	1.0	302	4.2660368939953175
chr5	17300000	18400000	0.8153009687409354	346	0.0
chr5	18400000	19500000	0.8030457633656634	368	0.0
chr5	22350000	23850000	0.8621678970289636	447	0.010779838753242761
chr5	23850000	25600000	0.8779611588277282	477	0.06350294230615795
chr5	25600000	28800000	0.6977939410231648	512	0.0
chr5	28800000	31350000	0.7383794415740834	576	0.07724299893246035
chr5	32550000	33450000	0.8535533905932737	651	3.1651079851445365
chr5	35000000	36050000	0.9023689270621826	700	0.18541350871132015
chr5	37300000	38250000	0.9414213562373096	746	2.3367594462884482
chr5	39650000	40850000	0.6495961163186379	793	5.592576633972194
chr5	43650000	44900000	0.8015747534559559	873	3.694601653356124
chr5	52350000	53650000	0.8462400684884556	1047	4.134323633645497
chr5	59100000	60200000	0.7434016994374948	1182	2.401220862160216
chr5	66550000	67650000	0.9267766952966369	1331	0.8738131983590871
chr5	73200000	74100000	0.48240453183331927	1464	5.274634402517586
chr5	74100000	75100000	0.9023689270621824	1482	2.5617843530818414
chr5	80600000	81550000	0.8535533905932737	1612	1.9523335663696855
chr5	82950000	83900000	0.9511844635310911	1659	1.876762490781555
chr5	83900000	85700000	0.751543289325507	1678	0.0
chr5	88000000	88950000	1.0	1760	3.7468501830980503
chr5	92200000	93300000	0.7478434376790869	1844	3.043956872790206
chr5	94850000	96050000	0.8642766952966369	1897	3.2085314477598623
chr5	96550000	97650000	0.926776695296637	1931	0.0
chr5	98350000	99750000	0.8601533972186464	1967	0.0
chr5	103600000	105400000	0.8290155275420792	2072	0.0
chr5	105400000	107050000	0.8828781006914228	2108	3.10936055940423
chr5	107800000	108850000	0.9023689270621824	2156	3.140369670651527
chr5	110450000	111500000	0.7706324558571308	2209	4.925287386770336
chr5	112950000	113850000	0.408113883008419	2259	0.18903382439001712
chr5	115900000	118200000	0.811054164309176	2318	0.3729520979118291
chr5	118850000	120000000	0.7654541440584456	2377	0.4302852729777807
chr5	120000000	121350000	0.7925616045307005	2400	0.4905701304462014
chr5	121350000	122950000	0.8275186481971635	2427	3.1141819097864305
chr5	122950000	123850000	1.0	2459	0.0
chr5	123850000	125200000	0.8873487619948259	2477	3.4215599449018232
chr5	125950000	126900000	0.7071067811865475	2519	4.0971893872351135
chr5	128300000	129200000	0.7414213562373095	2566	2.424026282506098
chr5	129200000	130400000	1.0	2584	1.4059923596758368
chr5	130400000	131500000	1.0	2608	5.1406764203690205
chr5	131500000	132400000	0.9414213562373096	2630	4.374625517977026
chr5	132400000	133400000	0.8571428571428572	2648	5.049848549450561
chr5	136950000	137850000	0.7722854315746106	2739	3.444807844642601
chr5	141450000	142850000	0.9230769230769231	2829	2.3679301414318834
chr5	143600000	145500000	0.806259715338854	2872	0.8145504234618081
chr5	147100000	148100000	1.0	2942	0.9657487717316889
chr5	148650000	149900000	0.9201200312326948	2973	6.151458759826761
chr5	154450000	156600000	0.8225307531604346	3089	0.48100364013605645
chr5	159950000	162850000	0.7885997532444325	3199	0.0
chr5	164000000	165050000	0.9285714285714286	3280	0.0
chr5	165050000	166400000	0.7485622917860578	3301	0.0
chr5	167650000	169000000	0.7775640720246149	3353	2.532316959332765
chr5	170800000	171850000	0.5296091539816484	3416	6.302536115252225
chr5	175700000	177000000	0.7669223286977438	3514	5.5997370579495245
chr5	178100000	179000000	0.7071067811865475	3562	1.9653225483672545
chr5	179000000	180050000	0.9511844635310911	3580	5.61774905873974
chr6	1500000	2800000	0.7561093857666583	30	3.5391588111080314
chr6	3100000	4100000	0.7630915409285535	62	4.183378237891133
chr6	4100000	5050000	0.5771601883432527	82	3.54452660079539
chr6	6600000	7650000	0.7499999999999999	132	3.276496665640356
chr6	8150000	10400000	0.8732086448704891	163	2.355439197248686
chr6	14150000	15600000	0.882842712474619	283	1.6158870739160567
chr6	17650000	18650000	0.7535533905932736	353	3.282969253814446
chr6	18650000	20100000	0.8117115021913519	373	0.007195501404203767
chr6	20450000	21550000	0.9267766952966369	409	2.2448870591235344
chr6	25150000	26050000	0.7236067977499789	503	3.253099427776074
chr6	30400000	31500000	0.8535533905932736	608	6.068434354377929
chr6	32100000	33350000	0.9060355974096118	642	6.587764473852863
chr6	35300000	36550000	0.9467466874884631	706	6.065609517393697
chr6	37650000	38850000	1.0	753	3.556552036251218
chr6	44400000	45300000	0.7071067811865475	888	0.017921907997262315
chr6	47750000	48650000	0.6363961030678926	955	0.5509006646475233
chr6	50700000	52600000	0.7558812255030303	1014	3.82827050171094
chr6	52600000	54550000	0.820160829288684	1052	3.313194015018396
chr6	62400000	63950000	0.8117044274970314	1248	0.7092906357233578
chr6	65050000	66350000	0.7895728111794096	1301	0.0
chr6	66350000	69350000	0.740406110397603	1327	0.04963076772460043
chr6	69350000	70350000	0.9163162231961565	1387	0.0
chr6	72850000	74000000	0.6569275828732759	1457	0.05426966252812099
chr6	77350000	78250000	0.7071067811865475	1547	5.831497267955407
chr6	79600000	80700000	0.7951783947341315	1592	2.591679416935737
chr6	81400000	82950000	0.8497621298570348	1628	0.09423606984576553
chr6	85050000	86400000	0.9040440114519881	1701	5.030225708861599
chr6	86400000	87700000	0.866866718721158	1728	0.0036022366801955253
chr6	88550000	89600000	0.9023689270621824	1771	0.014355292977070055
chr6	89600000	90500000	1.0	1792	2.361130309326542
chr6	91350000	92450000	0.8046935136970601	1827	0.0
chr6	94200000	95750000	0.8642766952966369	1884	0.0
chr6	95750000	96950000	0.9060355974096117	1915	1.3589588258323293
chr6	98000000	99150000	0.732910453079173	1960	0.0
chr6	100400000	101300000	1.0	2008	0.0600473836699389
chr6	102450000	104250000	0.9389949493661167	2049	0.0
chr6	104900000	105900000	1.0	2098	2.0104218054865113
chr6	107350000	108250000	0.7368033988749895	2147	1.6177686458043976
chr6	109750000	110750000	0.6403925002046706	2195	2.7582837927133768
chr6	112550000	114300000	0.9038255221837525	2251	6.604466745088601
chr6	114300000	116350000	0.8000049724491678	2286	5.184081890370265
chr6	118100000	119250000	0.7002667531989903	2362	1.8469946869655733
chr6	119250000	121350000	0.7967215802985984	2385	1.0426443374084935
chr6	121650000	122700000	0.8744743347942348	2433	5.849686574959165
chr6	122700000	123700000	0.7324045318333192	2454	2.8063240573900288
chr6	124100000	125100000	1.0	2482	0.15704371014558005
chr6	128000000	129050000	1.0	2560	2.6111723800440045
chr6	132800000	134350000	0.821003862831615	2656	8.328972987269056
chr6	134350000	135300000	0.9267766952966369	2687	4.824004050933153
chr6	138750000	139650000	0.75	2775	3.4504100465137837
chr6	140300000	141300000	0.8791886252409293	2806	0.0
chr6	142850000	143800000	0.8242640687119285	2857	2.535057594894842
chr6	150250000	151150000	0.6666666666666667	3005	2.1514877531856365
chr6	153400000	154400000	1.0	3068	0.09985623683206658
chr6	157600000	158550000	0.8047378541243649	3152	3.924218679748503
chr6	161850000	163550000	0.8760457649431328	3237	0.0600473836699389
chr6	164500000	165650000	0.9267766952966369	3290	0.0
chr6	165650000	166650000	0.9581581115980783	3313	0.1424134378737413
chr7	8400000	9900000	0.8413706387587709	168	0.0
chr7	13350000	14600000	0.8535533905932737	267	2.5434958834257717
chr7	15250000	16150000	0.8017766952966369	305	2.239550796613645
chr7	16700000	17750000	0.8535533905932737	334	1.595026184065854
chr7	23700000	24700000	0.7955048484370857	474	1.5885647374013518
chr7	27250000	28200000	1.0	545	4.671104624520178
chr7	34800000	35700000	0.6788854381999831	696	3.3344967683904185
chr7	40850000	41900000	0.9023689270621824	817	3.9959367035045874
chr7	47250000	50100000	0.7975961981503935	945	2.8770303095455225
chr7	52000000	53500000	0.89856710119095	1040	0.0
chr7	53500000	54750000	0.765685424949238	1070	0.0
chr7	54750000	56250000	0.9533592224227381	1095	5.908420643714316
chr7	62000000	64300000	0.8357200693444644	1240	0.5014391451588727
chr7	66850000	68900000	0.7904816624495873	1337	0.0
chr7	68900000	70250000	0.7163495064760466	1378	0.4646682670034442
chr7	70250000	71200000	0.9414213562373095	1405	0.0
chr7	71200000	72400000	0.9281725989548082	1424	2.127633279725874
chr7	72400000	73950000	0.8405107839355235	1448	4.294443761998776
chr7	73950000	75050000	1.0	1479	3.808671067001054
chr7	75050000	76100000	0.9163162231961564	1501	7.782553658422222
chr7	76100000	77600000	0.8297275450153843	1522	2.767301672537165
chr7	77600000	78850000	0.9121320343559642	1552	0.0
chr7	82350000	83500000	0.8630852169962632	1647	0.017921907997262315
chr7	85500000	86400000	0.9414213562373096	1710	0.0
chr7	88550000	89700000	0.926776695296637	1771	0.0
chr7	89700000	90700000	0.8629200163599829	1794	3.0318068655723467
chr7	94000000	95450000	0.7015458410635051	1880	3.4609063482072453
chr7	97550000	98450000	1.0	1951	4.549273110042013
chr7	101050000	102150000	0.8744743347942348	2021	4.717710690950173
chr7	105800000	106800000	0.9023689270621824	2116	3.1996723448363644
chr7	108250000	110250000	0.7630213835129716	2165	0.0
chr7	110250000	111350000	0.7993033988749895	2205	1.2372577709003718
chr7	113300000	114350000	0.9023689270621826	2266	0.1505596765753811
chr7	115750000	116900000	0.8642766952966369	2315	8.09145007914054
chr7	117950000	118900000	0.804737854124365	2359	0.0
chr7	124500000	125400000	1.0	2490	2.978195629681652
chr7	125400000	126600000	0.9349126180414551	2508	0.0
chr7	128750000	129750000	0.686886723926607	2575	3.5052558009321633
chr7	142000000	142950000	0.782842712474619	2840	2.8453466703995454
chr7	142950000	144150000	0.8793570624858994	2859	2.8641153792135
chr7	144700000	148100000	0.6058008263935339	2894	0.007195501404203767
chr7	152600000	154100000	0.7948446513295127	3052	0.0
chr7	154600000	155550000	0.882842712474619	3092	3.3355094577271713
chr7	155550000	156550000	0.9581581115980782	3111	0.8073549220576041
chr7	157200000	158350000	1.0	3144	0.0
chr8	2100000	3200000	0.9267766952966369	42	0.0
chr8	3200000	6150000	0.7868340780961227	64	0.007195501404203767
chr8	6750000	8000000	0.7324019192519385	135	0.0
chr8	8000000	9050000	1.0	160	2.533563348214512
chr8	12500000	13600000	0.7153567894682632	250	3.900021467037781
chr8	14200000	15250000	0.8002191388837806	284	0.0
chr8	15650000	16550000	0.8535533905932737	313	1.4302852729777806
chr8	19200000	20200000	1.0	384	3.701826258412055
chr8	20850000	21850000	0.9511844635310913	417	3.335330799489851
chr8	21850000	22900000	0.6683281572999747	437	4.442902038499025
chr8	23350000	24250000	0.9267766952966369	467	1.9509349283145399
chr8	32450000	33450000	0.8326324463923129	649	2.844988156682612
chr8	33450000	34400000	0.882842712474619	669	0.007195501404203767
chr8	35150000	36650000	0.9450825214724776	703	0.0
chr8	36650000	37650000	0.9210305136428512	733	3.7888944791604415
chr8	37650000	38700000	0.9	753	4.914833568684222
chr8	48950000	49950000	1.0	979	0.21723071622066917
chr8	49950000	51250000	0.7269045263121755	999	0.05426966252812099
chr8	52550000	53450000	1.0	1051	1.641546029087524
chr8	55600000	56550000	1.0	1112	0.0
chr8	57150000	58350000	0.9267766952966369	1143	2.775050541483175
chr8	58350000	59450000	0.8791886252409293	1167	1.1353159645121707
chr8	62600000	64300000	0.9229228371543545	1252	3.6603810352424113
chr8	64300000	65350000	1.0	1286	0.0
chr8	65350000	66500000	0.804737854124365	1307	0.0
chr8	67350000	69300000	0.8169903054861927	1347	2.212180210044431
chr8	70650000	71650000	0.8326324463923127	1413	3.4867143730307024
chr8	71650000	72650000	0.9414213562373096	1433	0.0
chr8	73100000	74650000	0.8504800418540562	1462	7.23870089135202
chr8	74650000	75900000	0.7755854348872968	1493	3.2615308152434066
chr8	76300000	77250000	0.8047378541243649	1526	0.0
chr8	77250000	78400000	0.9210305136428512	1545	2.36667191611176
chr8	82700000	84300000	0.8394603930687281	1654	1.0179219079972623
chr8	84300000	85550000	0.8244121762781454	1686	0.0
chr8	87600000	88550000	0.8535533905932736	1752	0.0
chr8	92900000	94550000	0.9043147639652349	1858	2.0558897581962827
chr8	94550000	95600000	1.0	1891	2.593788350407
chr8	96300000	97300000	0.7479422850033065	1926	5.02768487693716
chr8	97300000	98600000	0.7832225368060215	1946	3.3015876466031866
chr8	99950000	101050000	0.9581581115980783	1999	5.555432734898092
chr8	105400000	106850000	0.879283371191225	2108	1.7009944941682666
chr8	106850000	107800000	1.0	2137	1.710393192170516
chr8	107800000	108800000	0.9511844635310913	2156	0.28095631383105635
chr8	108800000	109800000	0.8333333333333334	2176	5.105751400738538
chr8	114400000	115350000	1.0	2288	0.007195501404203767
chr8	116200000	117600000	0.8658085959685459	2324	0.6461626571578937
chr8	127800000	128750000	0.9	2556	5.0410019871675065
chr8	128750000	130000000	0.9090909090909091	2575	0.0
chr8	130850000	131800000	0.9414213562373096	2617	4.35102755219611
chr8	131800000	133100000	1.0	2636	1.4982508675278254
chr8	134500000	135900000	0.8749056498348627	2690	3.3892226163558945
chr8	136900000	138500000	0.9186659829943671	2738	0.0
chr8	138500000	139700000	0.8568533939059599	2770	0.0
chr8	139700000	140600000	0.7071067811865475	2794	0.0
chr8	140600000	141550000	0.5771601883432527	2812	2.3798981635246927
chr8	142400000	143600000	0.95	2848	2.212569338850806
chr9	1000000	1950000	0.9267766952966369	20	0.0
chr9	1950000	2900000	1.0	39	3.5158575012579045
chr9	4700000	5750000	0.6162022659166596	94	2.450119958434289
chr9	5750000	6800000	0.9414213562373096	115	2.885183866320351
chr9	11200000	12550000	0.8136134062096211	224	0.0
chr9	13100000	14400000	0.9511844635310913	262	4.039796407620026
chr9	15750000	17000000	0.9	315	2.3362833878644325
chr9	19500000	20400000	0.6683281572999747	390	0.007195501404203767
chr9	24750000	26750000	0.8497835252031186	495	2.6948801927991917
chr9	26750000	27650000	0.7071067811865475	535	2.204940600753141
chr9	27650000	31050000	0.647828092006644	553	0.22032995487955562
chr9	33050000	34600000	0.9511844635310912	661	3.6325211202316683
chr9	34600000	35700000	0.9163162231961564	692	4.739358707433395
chr9	35700000	36750000	0.651266921876589	714	4.662689735434052
chr9	37500000	38550000	0.7614223231766001	750	3.644865723007923
chr9	71700000	72800000	0.9581581115980783	1434	3.1355114172160437
chr9	76300000	77250000	1.0	1526	0.007195501404203767
chr9	81000000	81900000	1.0	1620	0.0
chr9	81900000	82850000	0.8535533905932736	1638	4.2471680003747725
chr9	82850000	85650000	0.7569196184774605	1657	4.271463027904375
chr9	87000000	88400000	0.8286809980133187	1740	1.1259816538547154
chr9	89000000	89900000	0.7071067811865475	1780	0.03562390973072122
chr9	91150000	92050000	0.7071067811865475	1823	5.188440488975161
chr9	93650000	94800000	0.8901650429449552	1873	1.270030516035844
chr9	96350000	97350000	0.7203067944372926	1927	2.1315894843281353
chr9	98000000	99000000	0.7421086416009122	1960	1.6920923754275725
chr9	99500000	101700000	0.8907299309131589	1990	2.8775657979677134
chr9	101700000	102650000	1.0	2034	6.36571003193819
chr9	103400000	104350000	1.0	2068	1.2889912769355711
chr9	104350000	106750000	0.7926937587765611	2087	0.0
chr9	107450000	108500000	0.9166666666666666	2149	2.248433633442072
chr9	108500000	109400000	0.7071067811865475	2170	0.0
chr9	110100000	111550000	0.921895141649746	2202	0.8953026213333065
chr9	113050000	114150000	0.9163162231961564	2261	0.6789733078541699
chr9	114150000	115950000	0.8939417465991227	2283	3.3561438102252756
chr9	120250000	121150000	0.9414213562373096	2405	3.5248159283575062
chr9	121150000	122200000	0.8326324463923129	2423	0.03562390973072122
chr9	122200000	123250000	0.9581581115980782	2444	0.0
chr9	123250000	124200000	1.0	2465	4.951168128838912
chr9	127250000	128150000	1.0	2545	7.026528053234804
chr9	130850000	131850000	0.9511844635310913	2617	5.147186964107852
chr9	139600000	140500000	0.8535533905932737	2792	5.309982656324699
chrX	1350000	2750000	0.8698954425671548	27	6.564384520230432
chrX	2750000	3800000	0.7071067811865475	55	2.5055734002820182
chrX	4450000	6850000	0.9459794516404596	89	0.014355292977070055
chrX	8750000	10100000	0.7057428132165271	175	2.748307877166433
chrX	11750000	12850000	0.7071067811865475	235	3.781884234541486
chrX	15800000	16800000	0.7071067811865475	316	1.9531321797534267
chrX	16800000	17800000	0.6699791832313204	336	3.7451297445954226
chrX	18350000	19450000	0.5845526408947121	367	3.212680499234641
chrX	21950000	22850000	0.5771601883432527	439	3.6505731059893054
chrX	25200000	26650000	0.7986359120657514	504	0.0
chrX	26650000	27550000	0.9267766952966369	533	0.0
chrX	27550000	28650000	0.9163162231961566	551	0.15704371014558005
chrX	29100000	30100000	0.8535533905932737	582	0.0
chrX	30100000	31800000	0.9389431448822466	602	0.9115850666786045
chrX	33450000	34350000	1.0	669	0.0
chrX	34350000	35850000	0.9102866902442892	687	2.2849089054565566
chrX	35850000	36950000	0.7907905579903909	717	0.007195501404203767
chrX	36950000	38450000	0.8901650429449552	739	3.3959591945572933
chrX	41650000	43300000	0.8681980515339464	833	2.282439805006387
chrX	43300000	44650000	0.9755922317655455	866	1.8579809951275723
chrX	63650000	64700000	0.7071067811865475	1273	3.196134880765161
chrX	69450000	70350000	0.7071067811865475	1389	3.3393274507970605
chrX	71000000	72100000	1.0	1420	6.256958218114457
chrX	72100000	73050000	0.9023689270621824	1442	0.356948661036046
chrX	73850000	74750000	0.8535533905932737	1477	1.9597701552114675
chrX	75400000	76750000	0.7559223176554563	1508	0.8499992594660976
chrX	77450000	78800000	0.9412321264175703	1549	1.1138116081825264
chrX	78800000	79850000	0.8047378541243649	1576	0.0
chrX	79850000	80750000	0.6421334847649001	1597	3.667892125230234
chrX	80750000	83200000	0.7842603705954856	1615	0.0
chrX	83200000	84350000	0.8630852169962631	1664	0.8101002987964216
chrX	85400000	86450000	0.9267766952966369	1708	0.0
chrX	88000000	93900000	0.3413159843492378	1760	0.01910882294770474
chrX	93900000	94900000	1.0	1878	0.0
chrX	96050000	97100000	0.8326324463923129	1921	0.31614574229335635
chrX	97100000	98900000	0.7880104769081959	1942	0.0
chrX	102250000	103550000	0.9755922317655457	2045	4.348175752963772
chrX	104300000	106000000	0.8468340232155204	2086	0.18903382439001684
chrX	108650000	109700000	0.8102378596455088	2173	2.007195501404204
chrX	110250000	111900000	0.9560660171779822	2205	3.1191901496454086
chrX	111900000	113100000	0.6010407640085653	2238	0.4087118610294291
chrX	113100000	114400000	0.8613521576502652	2262	0.0
chrX	115050000	116900000	0.7191083235744387	2301	0.0
chrX	117500000	118500000	0.8590533961144176	2350	3.373996142131237
chrX	120250000	122650000	0.8790760482564989	2405	0.02856915219677092
chrX	123400000	125850000	0.7874291032589188	2468	2.457134594318037
chrX	125850000	128550000	0.6999601550313579	2517	0.0036022366801955253
chrX	128550000	129450000	0.8242640687119284	2571	4.684140795823201
chrX	130850000	131800000	0.9511844635310913	2617	1.1898245588800174
chrX	134950000	136200000	0.9545454545454546	2699	3.1257750676095153
chrX	136200000	137800000	0.8501833810499504	2724	0.0
chrX	139800000	141250000	0.8330266952966369	2796	1.2842179831783613
chrX	141250000	142450000	1.0	2825	0.0
chrX	142850000	147000000	0.5188896208054873	2857	0.9708536543404834
chrX	147650000	148550000	0.9414213562373095	2953	0.0
chrX	150900000	152000000	0.9581581115980782	3018	2.4197314948170394
chrX	152800000	153750000	0.6923867294477509	3056	7.409472693439602
