chr1	2450000	3800000	0.8568290196912052	49	2.8110142646432
chr1	3800000	5400000	0.844938884157584	76	3.0673805780190597
chr1	6650000	7850000	0.8914213562373094	133	4.6013144861626385
chr1	11900000	12850000	0.745812289025486	238	5.1993498405129595
chr1	24100000	25050000	0.9267766952966369	482	4.151419532590239
chr1	30150000	31250000	1.0	603	0.11103131238874395
chr1	34050000	35250000	0.9385792883888842	681	0.070389327891398
chr1	35250000	36450000	0.7722854315746106	705	3.9312380898141193
chr1	36950000	37900000	0.9511844635310913	739	0.0
chr1	38450000	39400000	0.6421334847649001	769	3.528660613893897
chr1	39400000	40400000	0.8744743347942345	788	5.728083769286037
chr1	49300000	50750000	0.8828427124746189	986	0.00480098626382128
chr1	50750000	51750000	0.921030513642851	1015	3.4239814776165503
chr1	54400000	55550000	1.0	1088	3.5571956245285468
chr1	57250000	59100000	0.8249850015401775	1145	0.7100257669702901
chr1	60350000	61300000	0.7071067811865475	1207	0.025028794491522448
chr1	64750000	66200000	0.7153567894682633	1295	3.5312477682950276
chr1	66200000	67150000	0.9023689270621824	1324	3.374343989038501
chr1	67950000	69000000	0.8326324463923127	1359	5.18840751874055
chr1	69700000	71000000	0.7721941631450924	1394	4.299696467345651
chr1	73150000	74400000	0.9414213562373096	1463	0.0
chr1	75150000	76200000	0.8002191388837804	1503	3.0621217119077975
chr1	76200000	77550000	0.8851100286299705	1524	3.286881147788161
chr1	77550000	78500000	1.0	1551	3.930053932170635
chr1	82450000	84300000	0.7632025007949284	1649	0.0
chr1	84300000	85650000	0.7934327749393864	1686	3.4006430171782607
chr1	87650000	88600000	0.8535533905932737	1753	6.002927502063068
chr1	93300000	94350000	0.8535533905932737	1866	3.6105081388061295
chr1	95650000	96550000	1.0	1913	2.2441259432837293
chr1	97350000	98400000	1.0	1947	2.576522137920503
chr1	101950000	103100000	0.9023689270621824	2039	0.0
chr1	104100000	107800000	0.6869247765215323	2082	1.2514666304404911
chr1	107800000	108850000	0.9414213562373096	2156	2.1298325103970064
chr1	114400000	115500000	0.9375	2288	3.93552260896479
chr1	116250000	117150000	0.7722854315746106	2325	3.5926705958564193
chr1	117150000	118550000	0.8523754022338279	2343	1.85049941375812
chr1	118550000	119450000	0.8535533905932737	2371	0.04264433740849372
chr1	146100000	147800000	0.7216966071075135	2922	2.3941898371115307
chr1	153350000	154250000	1.0	3067	7.732362742858657
chr1	157000000	158150000	0.8169417382415922	3140	2.5412444862134222
chr1	158150000	159150000	0.9166666666666666	3163	1.3562612122712279
chr1	161100000	162500000	0.8137251634420146	3222	3.5655210180670567
chr1	162500000	163400000	0.6421334847649001	3250	5.1496310025549725
chr1	163400000	164350000	1.0	3268	0.0
chr1	165900000	166850000	1.0	3318	2.1030779465975726
chr1	168200000	169450000	0.8446148857984959	3364	2.502871574574139
chr1	169800000	170850000	0.9999999999999999	3396	3.3975291797113907
chr1	171450000	172600000	0.801776695296637	3429	3.0967678547146886
chr1	174100000	175050000	0.7632455532033676	3482	3.546215384779364
chr1	178400000	179750000	0.6193212598776419	3568	2.235070543312104
chr1	189350000	190450000	0.790790557990391	3787	0.11103131238874395
chr1	193100000	194400000	0.9122677996249966	3862	0.8991756304805131
chr1	194400000	195850000	0.9633883476483185	3888	0.0
chr1	195850000	196750000	0.6551281440492296	3917	1.636914580355878
chr1	198650000	199550000	0.8535533905932737	3973	0.0
chr1	202000000	202900000	0.9267766952966369	4040	3.3274914035154937
chr1	210500000	211400000	1.0	4210	0.6622054996536166
chr1	211400000	212700000	1.0	4228	3.099524744001629
chr1	213300000	214350000	0.9414213562373096	4266	0.021479727410451396
chr1	214800000	215800000	0.7612038749637413	4296	4.683696454306516
chr1	215800000	216900000	0.7153567894682633	4316	0.014355292977070055
chr1	216900000	217950000	1.0	4338	0.9830696040501227
chr1	221600000	222750000	0.9281725989548082	4432	3.845239125638779
chr1	224600000	225550000	0.702496758077721	4492	3.309127669880323
chr1	228750000	229700000	0.5514401255621684	4575	2.238022517825721
chr1	231850000	232750000	0.7071067811865475	4637	2.323370069061269
chr1	233450000	234550000	1.0	4669	1.7845039829295668
chr1	235300000	236200000	0.882842712474619	4706	2.949001243917839
chr1	236800000	237800000	0.824535599249993	4736	1.294743265561132
chr1	239150000	240150000	0.9414213562373095	4783	0.0
chr1	242200000	243350000	0.6684163927288398	4844	0.0
chr1	245250000	246200000	0.882842712474619	4905	0.33913738491958556
chr10	1800000	3100000	0.7342645521815738	36	0.0
chr10	6500000	7700000	0.9633883476483185	130	0.25701061820602394
chr10	7700000	9350000	0.9060660171779822	154	5.314394422201955
chr10	9350000	10300000	0.8535533905932737	187	0.0
chr10	10300000	11350000	1.0	206	0.9927684307689242
chr10	12150000	13200000	0.64975912597138	243	4.615690935646311
chr10	17450000	18550000	1.0	349	2.0868969675263207
chr10	21200000	22250000	0.875	424	1.9858647012425326
chr10	25450000	26850000	0.8852852503652251	509	0.00898878322725476
chr10	27600000	28800000	0.7749859704614352	552	2.417650017160688
chr10	28800000	29700000	0.882842712474619	576	3.179909090014935
chr10	32200000	33550000	0.7658211902182702	644	7.550926309595946
chr10	37200000	38100000	0.7071067811865475	744	0.0
chr10	49900000	51150000	0.866866718721158	998	0.7567183336793377
chr10	54550000	55550000	0.9163162231961564	1091	0.0
chr10	55550000	58350000	0.7956427360865728	1111	3.5393656342810456
chr10	59000000	59950000	0.6666666666666667	1180	0.0
chr10	62950000	64050000	0.8535533905932736	1259	2.9319193901000413
chr10	75950000	77050000	0.790790557990391	1519	4.0539801681876515
chr10	79650000	81100000	0.9321383476483185	1593	9.941436479852698
chr10	81100000	82150000	0.9023689270621825	1622	3.6987741089036827
chr10	82400000	84450000	0.8376272959121385	1648	0.007195501404203767
chr10	86400000	88150000	0.8973139127471974	1728	0.014355292977070055
chr10	91550000	92550000	1.0	1831	0.0
chr10	95450000	96350000	0.8242640687119285	1909	2.0398903850842074
chr10	98150000	99150000	0.9023689270621825	1963	1.8869402757855869
chr10	100250000	101150000	1.0	2005	0.160274831408593
chr10	101150000	102050000	0.882842712474619	2023	3.2512529740959035
chr10	105250000	106250000	0.8535533905932736	2105	4.064169540556656
chr10	106250000	107700000	0.8825825214724777	2125	0.0
chr10	108450000	110300000	0.8690298306463797	2169	0.0
chr10	110300000	111550000	0.762919411083942	2206	0.0
chr10	112900000	113900000	0.6565991539589369	2258	0.0
chr10	114150000	115350000	0.8901650429449552	2283	2.775313975253813
chr10	116050000	116950000	0.6767766952966369	2321	2.1286233484191204
chr10	118250000	119150000	0.9023689270621825	2365	1.4662355621504048
chr10	119150000	120150000	0.9166666666666667	2383	2.5500797855124953
chr10	120800000	121750000	0.5338446573954877	2416	5.03061698084563
chr10	122600000	123550000	0.9023689270621824	2452	3.289834465177509
chr10	123550000	124450000	1.0	2471	3.694532010091845
chr10	127500000	128500000	1.0	2550	3.7035806319379123
chr10	128850000	129950000	0.8535533905932737	2577	1.2529807411698708
chr10	130700000	132000000	0.9095177968644246	2614	4.056475148766656
chr10	132000000	133750000	0.9755922317655455	2640	2.459868732726655
chr11	6700000	8650000	0.7424844101908034	134	3.315938800452524
chr11	10850000	11850000	0.9076504843704677	217	2.749802401680049
chr11	13500000	14500000	0.9511844635310913	270	4.484030687891928
chr11	15350000	16750000	0.8811272059148443	307	5.73633427697511
chr11	18950000	20200000	0.9166666666666666	379	1.5610642330237914
chr11	20700000	22200000	0.8124220368340521	414	0.0
chr11	24450000	25900000	0.8397462718475039	489	0.560714954474479
chr11	26650000	27650000	0.702030508910442	533	1.610385097601063
chr11	28200000	29450000	0.9231200342442277	564	0.0
chr11	31100000	32300000	0.9349126180414551	622	4.504196631190082
chr11	32950000	33950000	0.8047378541243649	659	6.006399017995732
chr11	35500000	36650000	1.0	710	3.8641861446542807
chr11	36650000	38100000	0.8535533905932737	733	0.0
chr11	38900000	40150000	0.8535533905932737	778	0.0
chr11	40650000	43300000	0.7950533509814846	813	0.03562390973072122
chr11	49000000	49950000	0.9511844635310913	980	0.0
chr11	58350000	59600000	0.9545454545454545	1167	2.335049232512301
chr11	59600000	60500000	0.9414213562373095	1192	0.0
chr11	65000000	66050000	0.7020305089104422	1300	6.254695816477392
chr11	66050000	67200000	0.6944895939818647	1321	4.681696895197911
chr11	67200000	68250000	0.8373467368390075	1344	5.866576683878183
chr11	70200000	71350000	0.8791886252409294	1404	4.659896023803719
chr11	73600000	74550000	0.875	1472	3.0200724728502792
chr11	75100000	76400000	0.9023689270621825	1502	7.788823722051797
chr11	78300000	79300000	0.6811095647094811	1566	2.4737869116143676
chr11	80000000	80950000	1.0	1600	0.0
chr11	80950000	82400000	0.8592724864350674	1619	0.0
chr11	84350000	85300000	1.0	1687	0.0
chr11	91250000	92550000	0.8291456223588194	1825	0.2630344058337938
chr11	96200000	97400000	0.9633883476483185	1924	0.0
chr11	101900000	102950000	0.7907905579903911	2038	4.333447587612658
chr11	104800000	105900000	0.6457129693188427	2096	3.3781647798716317
chr11	105900000	107200000	0.7338256468081642	2118	2.438736416545251
chr11	110300000	111250000	1.0	2206	0.8237493603082728
chr11	112050000	113100000	0.9511844635310911	2241	3.1340155300584445
chr11	114700000	116150000	0.8942900470858132	2294	3.9625490229230604
chr11	117200000	118350000	0.9023689270621824	2344	2.673612954819912
chr11	118350000	119300000	0.9	2367	6.303750311251799
chr11	120150000	121050000	1.0	2403	2.0217335219472816
chr11	123600000	124550000	0.7071067811865475	2472	1.071350804128843
chr11	127000000	127950000	0.7722854315746106	2540	0.0
chr11	128750000	129700000	0.7614223231766001	2575	0.6637241261526712
chr12	1800000	2900000	1.0	36	2.229203357886745
chr12	3950000	4950000	0.9023689270621824	79	3.0220946141371607
chr12	4950000	6100000	0.9008883476483185	99	2.564683016963639
chr12	9850000	10900000	0.7907905579903909	197	2.6535696232705446
chr12	16900000	18300000	0.8349895916156601	338	0.0
chr12	18300000	19450000	0.9674563090207275	366	0.6535186707535996
chr12	19800000	20850000	0.9	396	0.021479727410451396
chr12	26950000	27900000	0.7967578214722151	539	3.195150710564713
chr12	28300000	29300000	0.8047378541243649	566	0.0
chr12	29500000	30950000	0.9450825214724776	590	3.0143552929770703
chr12	31450000	32500000	0.882842712474619	629	2.3996838089970094
chr12	32950000	34200000	0.7209055542666047	659	0.7612852733616191
chr12	39650000	40700000	0.9581581115980783	793	0.2974849157105747
chr12	41200000	42400000	0.8535533905932737	824	0.007195501404203767
chr12	42850000	43800000	0.8535533905932737	857	4.105594275795191
chr12	44350000	45450000	0.875	887	0.09085343045111348
chr12	45450000	46450000	0.6515228816828316	909	3.7708290460324903
chr12	46450000	47400000	0.4472135954999579	929	5.854826836368533
chr12	49200000	50150000	0.8535533905932737	984	7.6235069119317345
chr12	50150000	51200000	1.0	1003	3.9406366072011494
chr12	52450000	53400000	0.9414213562373096	1049	3.881775120464228
chr12	54000000	54900000	0.8242640687119285	1080	5.49477733803918
chr12	58250000	59650000	0.7850133987732651	1165	2.848330825093853
chr12	60950000	62600000	0.7628959657224434	1219	0.0
chr12	65650000	66600000	0.9414213562373096	1313	3.9753321158979134
chr12	67350000	68550000	0.8120711948192234	1347	4.119356177039675
chr12	70150000	71150000	1.0	1403	3.1628545281905103
chr12	73150000	74950000	0.8279931165816129	1463	4.036063688743695
chr12	77450000	78400000	0.8047378541243649	1549	2.852331830775988
chr12	78400000	79750000	0.9755922317655457	1568	1.375734538583156
chr12	79750000	80700000	0.7269045263121755	1595	3.3325289281138675
chr12	82750000	84150000	0.9549395047979304	1655	2.294253136444514
chr12	87350000	88450000	0.882842712474619	1747	1.8237493603082728
chr12	97550000	98800000	0.9201200312326948	1951	0.0
chr12	100200000	101100000	0.6204757192910176	2004	2.088735246190284
chr12	102250000	103250000	0.8535533905932737	2045	3.5142274857307907
chr12	105550000	106700000	0.8535533905932737	2111	6.26725487215199
chr12	111850000	112950000	0.8590533961144176	2237	6.5391289783959285
chr12	120600000	121750000	0.8372815451036374	2412	7.5264059405865575
chr12	122850000	123750000	0.8666666666666666	2457	4.126953427460695
chr12	125500000	127450000	0.8580106880085953	2510	3.1060132376221197
chr12	129050000	131150000	0.8881517976494552	2581	1.478713002441722
chr12	131150000	132250000	0.6767766952966369	2623	6.350977055344831
chr13	20650000	21600000	0.9414213562373096	413	1.9606970393043122
chr13	25000000	26000000	0.8867295401695068	500	2.4318903482861804
chr13	34350000	35250000	0.6363961030678926	687	2.6450098843910954
chr13	36500000	37500000	0.8590533961144176	730	1.903231130890004
chr13	38250000	39500000	1.0	765	3.368302738293688
chr13	40300000	41400000	0.8535533905932737	806	2.1529946054924354
chr13	41400000	42900000	0.8761427759411714	828	2.5161412511985697
chr13	46050000	46950000	1.0	921	0.7830075664061418
chr13	47400000	48550000	0.6268860096340382	948	0.007195501404203767
chr13	50600000	51850000	1.0	1012	1.8052924556007115
chr13	53850000	58100000	0.5535325925699239	1077	0.0014419741739063218
chr13	58100000	59300000	0.8181980515339464	1162	0.0
chr13	61050000	62500000	0.926776695296637	1221	0.0
chr13	62500000	63650000	0.7844550900307685	1250	0.0
chr13	63650000	65000000	0.9549395047979305	1273	0.0
chr13	66200000	67200000	0.8535533905932736	1324	0.0
chr13	69000000	71150000	0.8471179323364657	1380	0.0
chr13	71150000	72500000	0.9023689270621824	1423	0.007195501404203767
chr13	73250000	74300000	1.0	1465	2.5268200197245965
chr13	75000000	75900000	0.9414213562373096	1500	0.0
chr13	75900000	77100000	0.8371320343559643	1518	5.576522137920503
chr13	78800000	79900000	0.9267766952966369	1576	1.1342209397606335
chr13	79900000	81050000	0.8238015069303439	1598	4.400310213532292
chr13	81650000	82950000	0.9545454545454546	1633	0.0
chr13	82950000	84150000	0.6363961030678927	1659	0.0
chr13	84150000	85400000	0.9121320343559642	1683	0.04963076772460043
chr13	85400000	86500000	1.0	1708	0.5704629310260411
chr13	88050000	89800000	0.8205145564329872	1761	0.12432813500220179
chr13	89800000	91700000	0.8176028175564782	1796	0.0
chr13	93800000	95100000	0.7190995092366185	1876	2.9754467656409624
chr13	96700000	97600000	0.7071067811865475	1934	2.811471030529836
chr13	97600000	98500000	0.8535533905932737	1952	2.8917432059470225
chr13	99350000	100250000	1.0	1987	3.169256932413987
chr13	100250000	101250000	1.0	2005	1.1190241031422743
chr13	102600000	103550000	0.819035593728849	2052	2.7221016615342157
chr13	103550000	104450000	1.0	2071	0.0
chr13	105300000	107250000	0.8911758792494514	2106	3.381052596682946
chr13	107800000	108850000	0.9511844635310913	2156	2.1325768426700082
chr13	111200000	112150000	1.0	2224	3.896211291162986
chr13	112150000	113150000	0.8535533905932737	2243	0.0
chr14	20700000	21600000	1.0	414	3.446917864866026
chr14	22400000	23550000	0.6944895939818646	448	5.760427221139417
chr14	23550000	24550000	0.7652382686481025	471	4.015980470064461
chr14	26550000	27500000	0.882842712474619	531	1.3248106034204838
chr14	27500000	29100000	0.8118221685504605	550	0.0
chr14	29100000	30000000	0.8242640687119285	582	0.007195501404203767
chr14	30000000	30950000	0.9414213562373096	600	3.113533819591914
chr14	30950000	31900000	0.6102934096799205	619	3.639893646544171
chr14	33050000	34250000	0.8169417382415922	661	0.0
chr14	38350000	39450000	0.8169417382415921	767	2.165107985144536
chr14	40000000	42000000	0.8044719187013452	800	0.0
chr14	42550000	43650000	0.8901650429449554	851	0.0
chr14	43650000	45300000	0.8121678424364114	873	0.0
chr14	45850000	48800000	0.8304347770230651	917	0.0036022366801955253
chr14	48800000	50050000	0.8047378541243649	976	0.0
chr14	50650000	51650000	0.7788854381999831	1013	3.076854456999949
chr14	51650000	53150000	0.8461624532397904	1033	5.44888593800673
chr14	53750000	54850000	0.9163162231961564	1075	1.7376867614098603
chr14	56100000	57000000	0.7071067811865475	1122	2.215678596607928
chr14	60050000	61000000	1.0	1201	3.288569497940932
chr14	62600000	63750000	1.0	1252	3.7306399559167915
chr14	65500000	66750000	0.8506061709578836	1310	3.996238081203801
chr14	66750000	67750000	0.9581581115980783	1335	2.4978252309881133
chr14	68250000	69350000	0.9999999999999999	1365	4.681636664813941
chr14	70150000	71450000	0.9511844635310913	1403	4.026431225124426
chr14	74550000	75450000	1.0	1491	4.540435774621409
chr14	78250000	79300000	0.8047378541243649	1565	3.243745234733984
chr14	79300000	80500000	0.8767766952966368	1586	0.0
chr14	80500000	81450000	1.0	1610	1.7491766781170806
chr14	82100000	83750000	0.8826444717110826	1642	0.0
chr14	83750000	84650000	0.7071067811865475	1675	0.0
chr14	86500000	87550000	0.7071067811865475	1730	0.0
chr14	89500000	90500000	0.6421334847649001	1790	3.138323004056484
chr14	93300000	94300000	1.0	1866	2.4844897079161883
chr14	95000000	95900000	0.48750962191529607	1900	0.9714669147284167
chr14	97450000	99850000	0.8912904095357085	1949	0.0036022366801955253
chr14	99850000	100750000	0.8242640687119285	1997	3.321687625674223
chr15	22650000	23600000	0.7845177968644245	453	3.1161359902062746
chr15	24200000	25100000	1.0	484	3.0570169653655386
chr15	27150000	28400000	0.8767766952966368	543	0.1309308698264487
chr15	35850000	37450000	0.9511844635310913	717	4.645009884391095
chr15	40750000	41650000	0.9	815	3.50519529788997
chr15	44900000	45950000	0.802704627669473	898	6.876662339634542
chr15	47400000	48600000	0.9444444444444444	948	1.5105400169375136
chr15	48600000	49550000	0.6402734644166457	972	5.068079597265755
chr15	49550000	50650000	0.9511844635310911	991	2.86761410856737
chr15	51350000	52450000	1.0	1027	2.130781142771062
chr15	53100000	54150000	0.9581581115980783	1062	0.0
chr15	54150000	55450000	0.8558375965793723	1083	0.0
chr15	55450000	56700000	0.7931421539647794	1109	2.662619829076593
chr15	56700000	57750000	0.8744743347942346	1134	3.9015909919033698
chr15	62150000	63150000	0.7071067811865475	1243	1.2910141014173029
chr15	64500000	65650000	0.926776695296637	1290	3.475214615878225
chr15	70950000	72050000	1.0	1419	5.065048064728305
chr15	76250000	77250000	1.0	1525	4.244950467322243
chr15	78000000	79050000	0.7181067922288351	1560	3.5937272455845957
chr15	83800000	84900000	0.5231705919951835	1676	1.797843067065541
chr15	86400000	88100000	0.8786039432791353	1728	0.0
chr15	88900000	89900000	0.8047378541243649	1778	6.761312979720467
chr15	91550000	92650000	1.0	1831	2.5310694927259543
chr15	92650000	93550000	0.6035533905932737	1853	1.8982083525087179
chr15	93550000	95000000	0.7888325214724775	1871	1.1816326610081138
chr15	95600000	96950000	0.9098790095958609	1912	5.183486514459392
chr15	96950000	97900000	0.5892556509887895	1939	0.0
chr16	1950000	3100000	0.8468133715066269	39	6.699178925306004
chr16	3650000	4550000	0.8535533905932737	73	4.6204104613034325
chr16	5200000	8500000	0.7094334001907087	104	0.0
chr16	9300000	10400000	0.9023689270621824	186	0.0
chr16	12000000	13100000	0.8576783947341315	240	3.06177619758669
chr16	13900000	14850000	0.6380711874576983	278	2.6913945785380853
chr16	14850000	15750000	1.0	297	4.422110650257593
chr16	16450000	17650000	0.9633883476483185	329	4.955824240806441
chr16	21500000	22500000	0.8666666666666668	430	4.368660913781733
chr16	22500000	23600000	0.8901650429449554	450	3.776235614827591
chr16	23600000	24500000	0.5771601883432527	472	4.452941307971211
chr16	25800000	27100000	0.8402400624653896	516	0.0
chr16	30900000	32100000	0.6552178959784212	618	4.3786803277263475
chr16	50900000	52150000	0.844614885798496	1018	1.3219280948873624
chr16	54300000	55400000	0.8169417382415922	1086	0.005399987742589676
chr16	60000000	63300000	0.7040923044420124	1200	0.0
chr16	68350000	69250000	1.0	1367	3.702602139291713
chr16	72100000	73350000	0.8707106781186547	1442	2.903809558578697
chr16	73350000	74350000	0.8535533905932736	1467	5.889351852594646
chr16	75700000	76700000	0.8095238095238095	1514	0.0
chr16	78200000	80500000	0.9017897237102162	1564	0.014355292977070055
chr16	82450000	83350000	0.9414213562373095	1649	5.093813673402728
chr17	3550000	4500000	0.7357022603955158	71	4.079131049297507
chr17	4500000	5400000	1.0	90	5.703299921669047
chr17	5400000	6400000	0.9023689270621824	108	5.920561279271022
chr17	9600000	10700000	0.8901650429449552	192	1.370363589104579
chr17	10700000	11950000	0.8105777222858805	214	1.6530600171045648
chr17	11950000	13000000	0.9511844635310911	239	4.170859778657061
chr17	16900000	18050000	0.7011217566974352	338	4.11314155638292
chr17	18050000	19100000	0.8867295401695068	361	3.9212044847760636
chr17	26900000	27850000	1.0	538	5.580645998295743
chr17	32050000	33400000	0.8288954400189346	641	2.8215532382605804
chr17	34850000	35750000	1.0	697	3.6214658344601443
chr17	38900000	39900000	1.0	778	2.578127346294491
chr17	39900000	40800000	0.8157378651666526	798	5.7700105536818285
chr17	44050000	45100000	0.9166666666666666	881	3.434461432441338
chr17	45950000	46850000	1.0	919	4.333620516502587
chr17	47300000	48500000	0.6462793911836433	946	7.159873529989007
chr17	49350000	52100000	0.7518105493380429	987	0.0018022426339853836
chr17	53900000	55100000	1.0	1078	3.0694075687239515
chr17	56250000	57250000	0.8047378541243649	1125	3.1699250014423126
chr17	60550000	61850000	0.9339255650988789	1211	4.238432036986235
chr17	63200000	64150000	0.782842712474619	1264	0.39780296186248987
chr17	66550000	67450000	0.9023689270621825	1331	0.5058909297299573
chr17	72850000	73800000	0.5511708697745937	1457	5.2595469012477585
chr17	79700000	80600000	0.9267766952966369	1594	5.752694354819421
chr18	900000	2050000	0.8563451979096164	18	0.0
chr18	3250000	4150000	0.9267766952966369	65	7.9860980139866875
chr18	4150000	5150000	1.0	83	0.04963076772460043
chr18	7100000	8550000	0.960947570824873	142	3.1967250607860276
chr18	10650000	11650000	0.8744743347942345	213	1.3074285251922473
chr18	19450000	20400000	0.9414213562373096	389	1.7468501830980505
chr18	21950000	22950000	0.8326324463923127	439	3.4659744645040695
chr18	25900000	27400000	0.7571667528211006	518	0.0
chr18	31500000	32450000	1.0	630	1.9791107550157856
chr18	33550000	34450000	1.0	671	5.075693064310796
chr18	35200000	37500000	0.9098972802915543	704	0.0
chr18	37500000	39000000	0.8758286645015301	750	0.0
chr18	39600000	41100000	0.8556158926637027	792	0.0
chr18	41100000	42050000	0.6481812160876684	822	0.0
chr18	42050000	43100000	1.0	841	0.08065766334522519
chr18	43700000	44700000	1.0	874	1.5224210346524434
chr18	46000000	46950000	0.7071067811865475	920	4.5786368624717415
chr18	48750000	49750000	1.0	975	0.0
chr18	50350000	51800000	0.9288391973670658	1007	3.441948190503361
chr18	54350000	55250000	1.0	1087	0.00480098626382128
chr18	55250000	56200000	0.8383883476483185	1105	4.985158842747734
chr18	61750000	64800000	0.7241549784166315	1235	0.0
chr18	64800000	66450000	0.8744743347942345	1296	3.0158424542683173
chr18	68250000	70300000	0.8219697879992816	1365	0.0
chr18	70800000	71700000	0.9414213562373096	1416	0.0
chr18	75600000	77000000	0.8878600313905421	1512	2.1268077031420347
chr19	1900000	2800000	1.0	38	6.0416915964486515
chr19	3650000	4700000	1.0	73	5.602447312120272
chr19	4700000	5750000	0.9511844635310913	94	5.874698619326427
chr19	11750000	12900000	0.8744743347942348	235	4.200341343244313
chr19	12900000	13900000	0.8860379610028064	258	6.475770838304443
chr19	17400000	19150000	0.9059433619633036	348	6.216629468018223
chr19	20800000	22250000	0.8093592167691146	416	1.3523818914290764
chr19	29150000	30050000	0.882842712474619	583	5.097294751123485
chr19	31150000	32050000	0.7071067811865475	623	2.286141872834302
chr19	33550000	34950000	0.9005466754758884	671	4.587890002784225
chr19	36650000	38300000	0.8888993313961058	733	1.7019648391758992
chr19	43000000	44150000	0.7071067811865475	860	4.027786936363546
chr19	44150000	45100000	0.8535533905932737	883	3.2790860412775866
chr19	50400000	51500000	0.6495961163186379	1008	3.526322641926858
chr19	52350000	53500000	1.0	1047	3.2665456253049676
chr19	54250000	55550000	0.8964933779884593	1085	4.8977547176149105
chr2	650000	1550000	0.8535533905932737	13	3.0027025203798234
chr2	1900000	3300000	0.8852210590215215	38	0.014355292977070055
chr2	3800000	4900000	0.8169417382415922	76	0.0
chr2	6150000	7100000	0.882842712474619	123	0.12873331412220274
chr2	7100000	8900000	0.8395160197015705	142	7.691917957843985
chr2	10800000	11850000	0.9023689270621825	216	4.358201477186475
chr2	11850000	13200000	0.7031167648604726	237	2.9634741239748865
chr2	13200000	14400000	0.934912618041455	264	0.0
chr2	15750000	16800000	0.9581581115980783	315	0.0
chr2	16800000	17900000	0.7519684418199448	336	0.5008020530571576
chr2	18550000	19600000	0.9023689270621824	371	3.3605398616518096
chr2	21350000	23400000	0.7737367036774299	427	0.0
chr2	24500000	26000000	0.9084708691207961	490	3.2443543202001583
chr2	26550000	27800000	0.7020776650678278	531	5.1724925159695285
chr2	27800000	28700000	1.0	556	3.915006007163695
chr2	29150000	30300000	0.8793570624858994	583	2.4158262574729137
chr2	30950000	31900000	1.0	619	2.3715588626119635
chr2	32750000	33850000	1.0	655	6.008568682751326
chr2	34350000	35850000	0.7689563036811942	687	0.0
chr2	38150000	39050000	1.0	763	4.583759753639499
chr2	40050000	41050000	1.0	801	1.7081872360207087
chr2	41050000	42000000	0.6204757192910176	821	0.0
chr2	45800000	46750000	1.0	916	4.332260378172183
chr2	49250000	50700000	0.8983249156101943	985	0.0
chr2	50700000	52350000	0.7596194077712559	1014	0.04264433740849372
chr2	52350000	53450000	0.8169417382415922	1047	0.0
chr2	54100000	55000000	1.0	1082	3.2045059362200443
chr2	56400000	57900000	0.8680679560328757	1128	0.8519988371124463
chr2	57900000	58850000	0.7133883476483185	1158	2.994127114003128
chr2	59500000	60900000	0.9774697523989653	1190	0.4541758931858021
chr2	74750000	75950000	0.8576783947341317	1495	3.9687996931115554
chr2	75950000	76950000	0.7659181654104361	1519	0.0
chr2	77750000	79100000	0.7653651898696794	1555	0.0
chr2	79100000	80100000	0.8326324463923127	1582	0.0
chr2	80900000	82250000	0.926776695296637	1618	0.0
chr2	82250000	83600000	0.7700313569296655	1645	0.0
chr2	100050000	101050000	1.0	2001	2.2714256760929348
chr2	102500000	103500000	0.6495961163186379	2050	1.4329594072761058
chr2	103500000	105500000	0.6323059781873255	2070	0.0
chr2	105500000	106700000	0.6562491622727777	2110	5.452090200923975
chr2	109450000	110450000	0.9023689270621825	2189	3.405481881977208
chr2	111400000	112550000	0.82106674238245	2228	2.362703656074854
chr2	115600000	118550000	0.7343440649732172	2312	0.0
chr2	118550000	119700000	0.8535533905932737	2371	2.812498225333564
chr2	123250000	124700000	0.705262771943017	2465	0.0
chr2	124700000	125700000	0.8744743347942345	2494	0.0
chr2	127750000	128850000	0.9023689270621825	2555	3.2982672883115756
chr2	130650000	132600000	0.6732541495777492	2613	4.210752505780573
chr2	133000000	133900000	1.0	2660	3.5433412122874954
chr2	135700000	136600000	1.0	2714	3.505467541600466
chr2	137250000	138550000	0.9201200312326948	2745	0.0
chr2	138550000	139650000	0.8571428571428572	2771	1.6743099863164383
chr2	139650000	140950000	0.7702200572599405	2793	0.0
chr2	140950000	141950000	0.8744743347942345	2819	0.0
chr2	143900000	145300000	0.8686971755771088	2878	3.5837597536394994
chr2	145300000	146550000	0.7548455326271915	2906	0.0
chr2	146550000	147500000	1.0	2931	0.0
chr2	147500000	148650000	1.0	2950	1.0531113364595626
chr2	150450000	151350000	0.9414213562373096	3009	0.0
chr2	151350000	152300000	0.9023689270621825	3027	3.918783747754704
chr2	153650000	154550000	0.8242640687119284	3073	0.007195501404203767
chr2	154550000	156100000	0.9502541398050885	3091	0.007195501404203767
chr2	156100000	157050000	0.882842712474619	3122	0.0
chr2	160900000	162100000	0.7907771946788966	3218	3.531849285751203
chr2	162100000	163300000	0.864276695296637	3242	3.648968687845484
chr2	169050000	170150000	0.8102378596455089	3381	1.5631581304028077
chr2	179500000	180900000	0.916477966336392	3590	1.4636224568518934
chr2	180900000	181900000	0.844887651767585	3618	5.965322548367255
chr2	184100000	185350000	0.9201200312326949	3682	0.0
chr2	188300000	189350000	0.790790557990391	3766	3.5649878009598903
chr2	193200000	196100000	0.775664227395028	3864	0.0
chr2	203250000	204150000	0.8242640687119285	4065	2.005699395244108
chr2	205700000	206900000	0.8535533905932737	4114	4.92765946070309
chr2	206900000	208450000	0.9078689325833262	4138	5.470223974428684
chr2	209200000	210150000	0.9511844635310913	4184	0.0
chr2	211300000	212550000	0.829210940323604	4226	3.398145116504409
chr2	212550000	213450000	1.0	4251	0.0
chr2	215200000	216150000	0.7071067811865475	4304	0.6476982560691188
chr2	220500000	221550000	0.8326324463923127	4410	0.0
chr2	221550000	222450000	0.7071067811865475	4431	4.4202128906107845
chr2	223500000	224750000	0.765685424949238	4470	3.322889571124808
chr2	226550000	228000000	0.8297275450153843	4531	4.034743949324734
chr2	230600000	231800000	0.6349978387184807	4612	4.907264579178899
chr2	239950000	241000000	0.7702200572599404	4799	3.359427461548936
chr20	1550000	2500000	0.7	31	4.202613620148487
chr20	10450000	11550000	1.0	209	1.7430840555495861
chr20	12850000	14800000	0.9074661654684446	257	1.3469568893788848
chr20	18450000	19600000	0.684443071452822	369	3.652390885716971
chr20	22300000	23500000	1.0	446	2.026800059343715
chr20	24050000	24950000	1.0	481	0.0036022366801955253
chr20	36150000	37150000	0.783950530002834	723	4.631342436003454
chr20	37750000	38850000	1.0	755	0.0
chr20	40350000	42050000	0.8852326838446487	807	0.0
chr20	43500000	44500000	0.6242640687119285	870	3.919495023192464
chr20	46350000	47250000	0.8333333333333334	927	0.47508488294878287
chr20	47750000	48650000	0.6035533905932737	955	3.618238655595455
chr20	50850000	52100000	0.9267766952966369	1017	0.04963076772460043
chr20	53350000	54950000	0.9511844635310912	1067	2.7067147224548656
chr20	54950000	56000000	0.8002191388837806	1099	4.079903192916361
chr20	57350000	58400000	1.0	1147	6.559814687328438
chr20	58400000	59800000	0.8873487619948259	1168	0.7510351766678621
chr20	60550000	61500000	0.4003834930466158	1211	7.301552808574114
chr21	19450000	22300000	0.721290022696283	389	0.0
chr21	22300000	23400000	0.790790557990391	446	1.7484612330040357
chr21	24250000	25250000	0.9511844635310913	485	0.0
chr21	25950000	26950000	0.9581581115980783	519	0.0
chr21	28150000	29050000	0.7071067811865475	563	6.638508318449141
chr21	31400000	32400000	0.9511844635310913	628	0.0
chr21	34900000	36100000	0.8654320376686505	698	4.2718255099576465
chr21	37500000	38450000	0.8121320343559641	750	3.376239860844326
chr21	39000000	39900000	0.8	780	0.03386345186628385
chr21	40700000	42450000	0.9201200312326946	814	3.790598292448303
chr21	46250000	47450000	0.9674563090207275	925	6.309667336287676
chr22	18850000	20250000	0.9615384615384616	377	4.805461475383408
chr22	21150000	22300000	1.0	423	3.750070485865693
chr22	26850000	27750000	1.0	537	3.8362607985039814
chr22	29750000	30750000	0.9163162231961564	595	4.994868817529897
chr22	30750000	31750000	0.782842712474619	615	4.2323508156041285
chr22	33450000	34400000	0.819035593728849	669	1.72137265947682
chr22	34400000	35650000	0.7449747468305832	688	0.0
chr22	35650000	36850000	1.0	713	5.085183847045264
chr22	39850000	40750000	1.0	797	5.9816814372315195
chr22	41950000	43000000	1.0	839	4.478015129332522
chr22	45950000	47100000	0.7612815524651626	919	3.9775470645137134
chr22	47700000	50100000	0.8201857577645789	954	0.0018022426339853836
chr3	600000	1500000	0.6363961030678926	12	0.0
chr3	1500000	3250000	0.911951031919692	30	2.4158262574729137
chr3	3250000	4250000	1.0	65	0.32192809488736235
chr3	4250000	5300000	0.8867295401695068	85	3.433877497350754
chr3	5300000	8300000	0.7573302416208857	106	0.0
chr3	8300000	9400000	0.7036492638549278	166	3.5944291162094286
chr3	11950000	13000000	0.867851130197758	239	7.294600328435136
chr3	15700000	16600000	0.5669417382415922	314	3.952799477899939
chr3	18550000	19900000	0.6628010873055767	371	0.0
chr3	20350000	21450000	0.6152609162066093	407	0.0
chr3	23000000	24000000	0.7071067811865475	460	9.100725406262358
chr3	25650000	27150000	0.8759842209099724	513	3.028745942227124
chr3	28500000	30050000	0.9186733684195038	570	3.420886574975531
chr3	32300000	33900000	0.9328214104078936	646	4.697305191578888
chr3	34350000	36000000	0.8884216309282086	687	0.0
chr3	38500000	39500000	0.7002667531989906	770	7.113882382302137
chr3	41900000	42900000	0.9163162231961564	838	3.3734626139278294
chr3	50300000	51450000	0.7506504832081076	1006	4.359977914066882
chr3	53950000	54850000	0.618718433538229	1079	0.35049724708413316
chr3	54850000	56500000	0.9500000000000001	1097	6.159164949516613
chr3	60000000	61400000	0.9163162231961565	1200	0.07724299893246035
chr3	62250000	63250000	0.9023689270621826	1245	1.5807484917637744
chr3	67000000	67950000	0.7777777777777777	1340	3.12391445900198
chr3	67950000	69000000	0.6481812160876685	1359	0.021479727410451396
chr3	69000000	70100000	0.8047378541243649	1380	3.7957521076073086
chr3	71800000	73050000	0.869866721732691	1436	1.9875807407459323
chr3	73050000	74000000	0.782842712474619	1461	2.2682846665209966
chr3	74000000	75200000	0.8734919064303392	1480	1.4276061727818994
chr3	75750000	76800000	0.7591166993708715	1515	2.3603642765434705
chr3	77550000	78600000	0.9163162231961564	1551	0.0
chr3	79600000	80550000	0.7071067811865475	1592	4.03826057517535
chr3	81350000	82250000	1.0	1627	4.307792796129895
chr3	82250000	84950000	0.7670061534893213	1645	0.0
chr3	84950000	86650000	0.8576384590516978	1699	0.021479727410451396
chr3	88200000	89200000	1.0	1764	3.931919390100041
chr3	94450000	95950000	0.9218951416497461	1889	0.0
chr3	95950000	97350000	0.9372371673971174	1919	0.0
chr3	97350000	98300000	0.9023689270621824	1947	2.2110121934855114
chr3	98300000	99500000	0.7287987010226309	1966	5.433710615333115
chr3	100400000	101400000	0.6204757192910175	2008	4.2723498493230325
chr3	102850000	103800000	0.9511844635310913	2057	0.0
chr3	104250000	105200000	0.8894427190999916	2085	6.090535901003175
chr3	105200000	106300000	0.8475683661041614	2104	2.8021932169418253
chr3	109950000	110950000	0.8326324463923128	2199	3.500164679492168
chr3	114000000	114900000	0.8618033988749895	2280	0.5945485495503543
chr3	115600000	116500000	1.0	2312	0.0
chr3	121200000	122100000	1.0	2424	1.26353525466399
chr3	122100000	123350000	1.0	2442	3.2982184024521297
chr3	123350000	124450000	1.0	2467	5.728110986609214
chr3	124450000	125350000	0.882842712474619	2489	3.970220956415471
chr3	125350000	126250000	0.7071067811865475	2507	2.26136365284928
chr3	129850000	131350000	0.8949988557921369	2597	3.83396530700866
chr3	132400000	133450000	0.9023689270621825	2648	4.015426203609607
chr3	133450000	134350000	1.0	2669	4.467898949746597
chr3	134350000	135700000	0.9012921420339177	2687	2.086613947409496
chr3	135700000	136800000	0.9023689270621824	2714	3.2620321862444173
chr3	136800000	137700000	0.8242640687119285	2736	0.0
chr3	137700000	138700000	0.9163162231961564	2754	2.658606988484423
chr3	139200000	140550000	0.8634522631560877	2784	3.4173799759730232
chr3	140950000	142200000	0.7523334547203386	2819	4.419749550058495
chr3	144650000	145600000	1.0	2893	0.0
chr3	152650000	154000000	0.7844168717389138	3053	1.6561149574538807
chr3	154000000	155100000	0.9285714285714286	3080	2.9523335663696852
chr3	159000000	160250000	0.8077056095524036	3180	2.659068274843228
chr3	160250000	161250000	0.7536629600351641	3205	2.349890945313962
chr3	161250000	162800000	0.9674563090207274	3225	0.0
chr3	162800000	164900000	0.827231281283553	3256	0.0
chr3	167600000	168650000	1.0	3352	4.885330315476167
chr3	173800000	176200000	0.8263379652168701	3476	1.5109619192773793
chr3	176650000	177550000	1.0	3533	3.6182386555954547
chr3	179450000	180400000	0.5722854315746106	3589	2.444269502413482
chr3	181400000	182400000	0.7468229320476072	3628	0.0
chr3	187950000	188850000	0.8242640687119285	3759	0.1309308698264487
chr3	191200000	192250000	1.0	3824	0.0
chr3	193300000	194200000	1.0	3866	2.663913842115978
chr3	195850000	196750000	0.9267766952966369	3917	3.0514232856225756
chr4	700000	1800000	1.0	14	4.905182395592343
chr4	1800000	3000000	0.7938505434181141	36	4.574252916500179
chr4	4950000	5900000	1.0	99	2.3424599280187146
chr4	8600000	10000000	0.7523309745678316	172	0.00028851015812355295
chr4	12700000	13600000	1.0	254	2.0027025203798234
chr4	16400000	17500000	0.8901650429449554	328	5.262658655072225
chr4	17500000	18650000	1.0	350	3.349966746971192
chr4	19200000	20350000	0.8169417382415922	384	3.208673319629472
chr4	20750000	21650000	0.7071067811865475	415	0.0
chr4	24450000	25350000	0.7071067811865475	489	3.4819262564243836
chr4	27650000	29100000	0.7544417382415922	553	0.09085343045111348
chr4	30650000	31850000	0.9121320343559642	613	4.349436051713822
chr4	32450000	34550000	0.7446452995440208	649	0.0
chr4	34550000	35950000	0.8387600490799488	691	0.0
chr4	36400000	37400000	1.0	728	0.0
chr4	42050000	43000000	1.0	841	0.19061486020949714
chr4	43700000	44700000	0.7071067811865475	874	1.493134922305505
chr4	44700000	46150000	0.8633164978870556	894	1.950468414150123
chr4	48100000	49100000	0.5097905627228	962	3.6901066449188673
chr4	53900000	55150000	0.8535533905932737	1078	3.5003468149602663
chr4	57900000	59400000	0.7655221678498553	1158	7.546585829008101
chr4	59400000	61100000	0.9707106781186547	1188	0.0
chr4	61950000	63050000	0.6746201329757238	1239	0.33913738491958556
chr4	63050000	65500000	0.8931034140972921	1261	0.0
chr4	65500000	67650000	0.74627865354949	1310	0.056583528366367514
chr4	68250000	69200000	0.8242640687119285	1365	1.6652411557781408
chr4	69200000	70450000	0.7608455386502575	1384	1.4300175867276597
chr4	70450000	71450000	0.9166666666666667	1409	0.004321605950093468
chr4	74000000	75100000	0.8535533905932737	1480	1.3310960837593278
chr4	77000000	78100000	0.7536629600351641	1540	4.683892916907347
chr4	79900000	81250000	0.916477966336392	1598	4.00513046785373
chr4	82300000	83250000	0.819035593728849	1646	0.07724299893246035
chr4	84400000	85450000	0.7071067811865475	1688	1.1276332797258741
chr4	86600000	88800000	0.7729327832458346	1732	1.764928444592806
chr4	90100000	92050000	0.8941497688751219	1802	0.11270013274936234
chr4	95150000	96100000	0.8102378596455088	1903	4.39768889228023
chr4	97250000	99000000	0.8190355937288489	1945	0.0
chr4	99000000	99950000	0.824535599249993	1980	4.683191141878241
chr4	100950000	101850000	0.7071067811865475	2019	0.8499992594660976
chr4	104150000	105800000	0.9860527038660261	2083	0.007195501404203767
chr4	107850000	108850000	0.9023689270621824	2157	4.160140345737008
chr4	112950000	114150000	0.765685424949238	2259	1.6976626334705183
chr4	115900000	117900000	0.9412647170188847	2318	0.0
chr4	119150000	120400000	0.7959867589884517	2383	4.465067508391413
chr4	125200000	126200000	0.8047378541243649	2504	2.422233000683048
chr4	127500000	128500000	0.9511844635310911	2550	0.0
chr4	129000000	130200000	0.8901650429449552	2580	3.206721357430889
chr4	130200000	131150000	0.7071067811865475	2604	0.0
chr4	131600000	133950000	0.8860209124933707	2632	0.0
chr4	133950000	135050000	0.8535533905932737	2679	1.1921941652833452
chr4	136550000	137950000	0.9372371673971173	2731	0.0
chr4	137950000	139000000	1.0	2759	4.631686366311998
chr4	139000000	139900000	1.0	2780	2.3603642765434705
chr4	142150000	143050000	0.8535533905932737	2843	1.9671686075326278
chr4	143050000	144000000	0.9511844635310911	2861	1.063502942306158
chr4	145000000	146000000	0.7612038749637413	2900	1.4524197212819239
chr4	147950000	148950000	0.8744743347942346	2959	3.137298580921138
chr4	148950000	149850000	0.618718433538229	2979	0.6959938131099002
chr4	150850000	151950000	1.0	3017	2.8553253201192637
chr4	155350000	156250000	0.875	3107	2.346425085585597
chr4	156850000	158150000	0.9633883476483185	3137	1.973060172804084
chr4	160450000	162250000	0.8522708028904398	3209	0.0
chr4	162250000	163250000	0.804737854124365	3245	0.007195501404203767
chr4	164800000	166500000	0.9240194147611905	3296	2.5963388642052005
chr4	171100000	173750000	0.8593328354237337	3422	0.007195501404203767
chr4	174350000	175250000	0.9267766952966369	3487	1.9417323448208192
chr4	175250000	176800000	0.9816941738241592	3505	0.0
chr4	177200000	178500000	0.8448981046654722	3544	3.8344078418069953
chr4	178500000	180250000	0.8535533905932738	3570	0.0
chr4	182450000	183350000	0.7071067811865475	3649	4.298291730620124
chr4	187500000	188550000	1.0	3750	6.648393536578231
chr4	188550000	190150000	0.8541171050136411	3771	0.04264433740849372
chr5	2150000	4900000	0.7409306425074857	43	0.9963887464476212
chr5	5550000	6850000	0.8853553390593274	111	4.349365277594214
chr5	6850000	7800000	1.0	137	0.0
chr5	7800000	9250000	0.839479404674945	156	3.1895610288690754
chr5	10300000	11350000	0.7349506986804325	206	4.725695719436695
chr5	12050000	13900000	0.7902823013146313	241	0.0
chr5	15150000	16100000	0.9511844635310913	303	3.0967678547146886
chr5	17300000	18450000	0.9581581115980783	346	0.0
chr5	18450000	19600000	0.6843592167691145	369	0.0
chr5	19600000	21300000	0.8522961115635938	392	0.20789285164133287
chr5	21900000	30250000	0.24852278520573115	438	0.03562390973072122
chr5	30250000	31500000	1.0	605	5.445428759238323
chr5	35000000	36050000	0.9023689270621826	700	2.0671961648390362
chr5	37300000	38300000	0.821078127958061	746	2.1679198655519354
chr5	39600000	40800000	0.6864061026544322	792	3.6967357493776736
chr5	40800000	41950000	1.0	816	5.043179218199595
chr5	41950000	42850000	0.7071067811865475	839	0.4329594072761063
chr5	43600000	44900000	0.7638455416617904	872	3.189297450711608
chr5	50250000	52050000	0.8589150429449554	1005	0.0036022366801955253
chr5	62200000	63400000	0.8914213562373094	1244	0.007195501404203767
chr5	69000000	70100000	0.4472135954999579	1380	4.274075254506883
chr5	70100000	71600000	0.7994255354210569	1402	3.1544130851749665
chr5	80600000	81600000	0.8333333333333333	1612	8.787285528449557
chr5	84500000	86200000	0.8605270386602606	1690	8.393948120223378
chr5	86850000	88000000	0.9633883476483185	1737	2.1906148602094975
chr5	88000000	88950000	1.0	1760	1.0321008431670242
chr5	91600000	93000000	0.8140686474146992	1832	6.44203115884688
chr5	93000000	94200000	0.7747546895706428	1860	1.398487190018967
chr5	94800000	96050000	0.7949244862985005	1896	4.9659521521365635
chr5	96550000	97600000	0.9163162231961564	1931	0.0
chr5	98300000	99650000	1.0	1966	0.0
chr5	99650000	101100000	0.7088205733855245	1993	2.185866545311334
chr5	104150000	105550000	0.790790557990391	2083	0.0
chr5	105550000	107050000	0.8847317714423459	2111	0.8479969065549501
chr5	107750000	108850000	1.0	2155	3.701826258412055
chr5	112950000	113850000	0.408113883008419	2259	2.4776773275653072
chr5	119200000	120200000	0.8535533905932736	2384	4.948834425578686
chr5	120200000	121300000	0.9511844635310913	2404	0.8875252707415875
chr5	121850000	122900000	0.819035593728849	2437	3.523457409150131
chr5	122900000	124100000	0.9674563090207275	2458	2.882643049361841
chr5	124100000	125150000	0.6194715560037098	2482	0.0
chr5	125950000	126850000	0.9267766952966369	2519	2.974345751819357
chr5	128200000	129200000	0.8744743347942345	2564	1.6855664416595617
chr5	129200000	130400000	1.0	2584	0.40053792958372886
chr5	132350000	133400000	0.5452163600932556	2647	5.544609026381933
chr5	137750000	138700000	1.0	2755	5.709658248170471
chr5	143600000	145550000	0.8065127495668606	2872	0.9411063109464315
chr5	147150000	148050000	0.9267766952966369	2943	0.7577344592607782
chr5	151800000	152700000	0.7071067811865475	3036	0.0
chr5	153350000	154350000	0.7702200572599405	3067	4.3125199674749455
chr5	154350000	155250000	0.7368033988749895	3087	0.02856915219677092
chr5	155250000	156600000	0.9124174736825426	3105	1.101457985681943
chr5	159950000	162850000	0.7885997532444325	3199	0.0
chr5	164050000	165150000	1.0	3281	0.0
chr5	165150000	166400000	0.6741933958271166	3303	0.0
chr5	168000000	168950000	1.0	3360	1.5801454844233804
chr5	179100000	180100000	1.0	3582	4.929465549976642
chr6	1500000	2750000	0.6083674911155197	30	2.4781089491215225
chr6	3150000	4100000	1.0	63	4.7047889849779585
chr6	4100000	5050000	0.5771601883432527	82	4.1040570406567936
chr6	8900000	10450000	0.8338424677033951	178	1.8083850506560932
chr6	14150000	15650000	1.0	283	2.9011082430145128
chr6	18550000	20050000	0.8352475644174331	371	2.145677455195635
chr6	20500000	21550000	0.921030513642851	410	1.4698859762744638
chr6	22250000	23500000	0.6239964573344481	445	0.0
chr6	29550000	30450000	0.8535533905932737	591	4.038894608941967
chr6	30450000	31500000	0.8867295401695068	609	5.896323753336618
chr6	35350000	36400000	0.8326324463923129	707	6.818077936065744
chr6	36400000	37300000	1.0	728	5.401402211798286
chr6	44300000	45350000	1.0	886	1.6266727526059934
chr6	45900000	46800000	0.8535533905932737	918	0.375734538583156
chr6	47800000	48700000	0.7071067811865475	956	0.33913738491958556
chr6	50700000	52050000	0.6941718773007142	1014	0.0
chr6	52900000	53800000	0.8535533905932737	1058	3.441201260618238
chr6	55100000	56250000	0.9349126180414551	1102	0.007195501404203767
chr6	56250000	57400000	0.9581581115980783	1125	3.690337271755043
chr6	62350000	63900000	0.8143632152532794	1247	0.0
chr6	65550000	67300000	0.89984141990469	1311	0.02856915219677092
chr6	67300000	69300000	0.8565805491668387	1346	0.0
chr6	69300000	70400000	0.8535533905932737	1386	0.0
chr6	70900000	71800000	0.882842712474619	1418	1.7953513651665594
chr6	72850000	74050000	0.8015747534559559	1457	0.9532652390148438
chr6	74050000	75100000	0.7630915409285535	1481	9.794391496295614
chr6	79600000	80700000	0.7951783947341315	1592	2.59191872937568
chr6	85050000	86400000	0.9040440114519881	1701	5.295906655297029
chr6	86400000	87700000	0.866866718721158	1728	0.0
chr6	87700000	88600000	1.0	1754	2.490103314379715
chr6	88600000	89600000	0.6035533905932737	1772	0.0
chr6	89600000	90500000	1.0	1792	1.9922740467190045
chr6	91800000	93550000	0.7950455808839912	1836	0.0
chr6	94200000	95750000	0.8642766952966369	1884	0.0
chr6	102600000	105000000	0.8836401789078586	2052	0.0
chr6	105000000	105900000	0.9414213562373096	2100	2.8653249906949343
chr6	105900000	106800000	1.0	2118	2.5008020530571575
chr6	107350000	108250000	0.7368033988749895	2147	1.8555911077104519
chr6	109800000	110800000	0.9210305136428512	2196	1.8528866494733187
chr6	111500000	112500000	0.8333333333333333	2230	3.1115083152169905
chr6	113100000	114300000	0.7702200572599404	2262	4.761019265240485
chr6	117100000	118150000	0.7720759220056126	2342	2.591474260387022
chr6	119300000	121300000	0.7446756002724613	2386	1.411426245726465
chr6	121650000	122600000	1.0	2433	5.563844528817574
chr6	126200000	127550000	0.8452041315399876	2524	2.647026632654853
chr6	128000000	129050000	1.0	2560	2.5496691707264905
chr6	132000000	133050000	0.6897753035351699	2640	6.088063838984875
chr6	134400000	135300000	0.8383883476483185	2688	6.714726335881169
chr6	141950000	142850000	1.0	2839	3.441782239500603
chr6	142850000	143800000	0.8242640687119285	2857	2.6454711040372514
chr6	150250000	151150000	0.6666666666666667	3005	1.8451315728605604
chr6	153300000	154400000	0.590915854805811	3066	1.7185260264622622
chr6	155700000	156950000	0.872866724744224	3114	0.0
chr6	160450000	161900000	0.9276142374915397	3209	1.1917431116480033
chr6	161900000	163100000	0.7654541440584456	3238	0.0
chr6	164500000	165700000	0.804737854124365	3290	0.0
chr6	165700000	166650000	0.9	3314	0.4032677223393011
chr6	166650000	167600000	0.9023689270621824	3333	2.898911891707489
chr6	169250000	170150000	0.882842712474619	3385	4.718567123616217
chr7	1550000	2450000	1.0	31	4.297986171995475
chr7	8350000	10850000	0.7500096104855127	167	0.007195501404203767
chr7	11400000	12550000	0.779527503839951	228	2.439179845176647
chr7	15200000	16150000	0.8017766952966369	304	0.007195501404203767
chr7	16750000	17750000	0.882842712474619	335	1.2302030133664215
chr7	19700000	20650000	0.8242640687119285	394	1.221877081077034
chr7	23700000	24700000	0.7955048484370857	474	1.3441183345214283
chr7	25900000	27250000	0.9045129460202619	518	4.3658987774904565
chr7	29650000	30700000	0.9163162231961564	593	5.419744869091667
chr7	33250000	34250000	1.0	665	1.37016428054021
chr7	40850000	41850000	0.8744743347942345	817	5.439623137557117
chr7	41850000	42900000	0.8535533905932737	837	1.7548875021634687
chr7	48100000	50150000	0.8793030463535707	962	1.5430008774024255
chr7	50150000	51400000	0.9012921420339177	1003	1.317593504623471
chr7	51400000	54700000	0.6937729029625568	1028	0.0
chr7	62000000	62900000	0.875	1240	0.0
chr7	63200000	64250000	0.7181067922288351	1264	0.7075247908996078
chr7	65100000	66850000	0.9037439284424684	1302	4.511521560817171
chr7	66850000	68550000	0.8855330513196457	1337	0.0
chr7	69000000	70300000	0.6347952274029722	1380	1.456806149230474
chr7	70300000	71200000	0.6767766952966369	1406	0.0
chr7	71200000	72300000	0.8901650429449552	1424	0.0
chr7	72900000	73850000	0.6683281572999747	1458	4.542241755400664
chr7	73850000	75000000	0.9581581115980782	1477	4.135863165368679
chr7	75000000	76100000	1.0	1500	6.332607245764762
chr7	83500000	84650000	0.9023689270621824	1670	4.219555769166913
chr7	85500000	86450000	0.882842712474619	1710	0.007195501404203767
chr7	86950000	87900000	0.9023689270621824	1739	3.5664346462832817
chr7	87900000	89700000	0.9531370849898477	1758	0.0024024902153046133
chr7	89700000	90700000	0.8629200163599829	1794	2.8612937291684077
chr7	94050000	95500000	0.6663576750112743	1881	2.849271452644816
chr7	97550000	98500000	0.9	1951	3.3093702415565383
chr7	99950000	101050000	0.9511844635310911	1999	6.211676618868643
chr7	101050000	102150000	0.8744743347942348	2021	4.571563052197551
chr7	102950000	103850000	0.8242640687119285	2059	4.410951596917812
chr7	108300000	109550000	0.7227043153005304	2166	0.0
chr7	109550000	110650000	0.6919417382415922	2191	0.0
chr7	113350000	114400000	1.0	2267	0.41953889151378454
chr7	114400000	115700000	0.8318956251193912	2288	3.3694664836507227
chr7	117950000	118850000	0.8242640687119285	2359	0.0
chr7	119400000	120350000	0.5511708697745937	2388	0.0
chr7	123700000	124600000	0.8242640687119285	2474	2.444269502413482
chr7	124600000	127150000	0.7616980626287737	2492	1.6438561897747248
chr7	128700000	129700000	0.8744743347942345	2574	3.3190398155625362
chr7	131300000	132350000	0.6902928991911205	2626	0.0036022366801955253
chr7	140250000	141500000	0.9733733437442316	2805	4.3643569277707135
chr7	141950000	142850000	0.875	2839	0.057213939143664794
chr7	142850000	144100000	0.9166666666666666	2857	3.3717162307669843
chr7	144100000	146800000	0.7507947354165531	2882	0.14404636961670686
chr7	150650000	152600000	0.8011401568865972	3013	4.261320187454013
chr7	152600000	154100000	0.7948446513295127	3052	0.0
chr7	154600000	155550000	0.882842712474619	3092	1.7030268496877923
chr7	155550000	156650000	0.8571428571428571	3111	0.5046203924035528
chr7	157250000	158350000	0.9581581115980783	3145	0.0
chr8	750000	1650000	0.4949747468305832	15	0.0
chr8	2100000	3150000	0.6775200981598978	42	0.0
chr8	3150000	6150000	0.6844458459122763	63	0.07724299893246035
chr8	8000000	9000000	0.790790557990391	160	2.6151808513152424
chr8	15550000	16600000	0.8242640687119284	311	0.6040713236688608
chr8	21800000	22950000	0.8618033988749895	436	4.781551387545038
chr8	23250000	24250000	1.0	465	5.815024578979899
chr8	32400000	33500000	0.7240762770085143	648	2.0898370901196204
chr8	33500000	36600000	0.709305384535614	670	0.0
chr8	36600000	37650000	0.9023182522881197	732	3.6925573859202006
chr8	38800000	39800000	0.6637912502387825	776	4.835576745038752
chr8	39800000	40850000	1.0	796	0.4141355329844512
chr8	48850000	49950000	1.0	977	5.4387918525782615
chr8	55550000	56600000	1.0	1111	0.0
chr8	57100000	58250000	1.0	1142	2.944483671148752
chr8	58250000	59450000	1.0	1165	1.3886487747983154
chr8	60150000	61250000	0.8744743347942345	1203	0.007195501404203767
chr8	61250000	62450000	0.9385792883888842	1225	4.791119465928914
chr8	62450000	63450000	0.9163162231961566	1249	6.717402250689879
chr8	64250000	65400000	0.9267766952966369	1285	0.0
chr8	65400000	66500000	0.7955048484370857	1308	0.06350294230615795
chr8	66500000	67450000	0.882842712474619	1330	2.8957334694896786
chr8	69400000	70600000	0.6811174626178884	1388	5.2753795962536225
chr8	71650000	72650000	0.9414213562373096	1433	0.0
chr8	77200000	78300000	0.8901650429449552	1544	3.2172307162206693
chr8	78300000	79300000	0.9163162231961564	1566	0.0
chr8	79300000	80550000	0.882842712474619	1586	1.6593537591700505
chr8	81050000	82150000	0.7324045318333192	1621	0.3645724322958561
chr8	82700000	85400000	0.7449068384846282	1654	0.853995647176393
chr8	85400000	86400000	0.9511844635310913	1708	1.8674572205607678
chr8	87600000	88600000	0.8535533905932736	1752	0.0
chr8	92950000	93850000	0.9414213562373096	1859	1.5777309314900803
chr8	96300000	97250000	0.5892556509887895	1926	4.236492618381303
chr8	97250000	98600000	0.8846153846153847	1945	4.7119353569789215
chr8	107700000	108750000	0.8535533905932737	2154	1.5147534984397535
chr8	108750000	109800000	0.6242640687119285	2175	5.090959258071985
chr8	110800000	111750000	0.7071067811865475	2216	0.0
chr8	116800000	118350000	0.9349126180414551	2336	4.646306689009547
chr8	126750000	127800000	1.0	2535	0.22032995487955562
chr8	127800000	128750000	0.9	2556	4.964860664245848
chr8	128750000	130100000	0.9549395047979304	2575	0.0
chr8	130850000	131850000	0.8308640753373011	2617	4.71918344048179
chr8	131850000	133100000	1.0	2637	1.8579809951275723
chr8	135000000	135950000	0.9414213562373095	2700	1.7004397181410922
chr8	136900000	139650000	0.8124281121444867	2738	0.0
chr8	139650000	140600000	0.8535533905932736	2793	0.021479727410451396
chr8	140600000	141550000	0.5771601883432527	2812	2.4918530963296748
chr8	141550000	142450000	1.0	2831	3.73977096766892
chr8	142450000	143650000	0.9119007534651719	2849	0.9272643857928009
chr8	144400000	145650000	0.8860379610028063	2888	5.07624249797192
chr9	1050000	2000000	0.6031495069119116	21	0.0
chr9	2000000	2900000	1.0	40	3.595294784005977
chr9	5750000	6800000	0.9414213562373096	115	2.0464910601940334
chr9	6800000	7750000	0.819035593728849	136	0.0
chr9	7750000	9050000	0.8402400624653896	155	3.5197934862411002
chr9	9050000	9950000	0.9414213562373096	181	0.0
chr9	10400000	12500000	0.8257517352391989	208	0.04963076772460043
chr9	12500000	14450000	0.924728124015761	250	2.4419481905033606
chr9	15700000	16950000	0.9	314	2.6507645591169022
chr9	20300000	21250000	1.0	406	1.512648295905266
chr9	22400000	23350000	1.0	448	0.014355292977070055
chr9	23350000	25850000	0.6910212523605528	467	0.8965947799874341
chr9	25850000	26750000	0.882842712474619	517	0.0
chr9	26750000	27700000	0.8535533905932737	535	1.9051797207671732
chr9	28350000	32250000	0.6029332010289467	567	0.0
chr9	33700000	34650000	0.8047378541243649	674	4.04592343960255
chr9	34650000	35650000	0.9023689270621825	693	4.2415455420089145
chr9	70850000	73250000	0.8217174873617015	1417	2.1626039266715553
chr9	75900000	77200000	0.9201200312326947	1518	0.007195501404203767
chr9	79850000	80900000	0.9581581115980782	1597	3.139414920885061
chr9	80900000	81800000	1.0	1618	5.296457407371244
chr9	81800000	83150000	0.8422882667927563	1636	5.364747506022288
chr9	85250000	86300000	0.8535533905932736	1705	0.5310694927259542
chr9	87050000	88350000	0.8779611588277281	1741	0.014355292977070055
chr9	88950000	90000000	0.7373943511542176	1779	2.0987339535853593
chr9	91150000	92100000	0.7722854315746106	1823	5.201111050857392
chr9	93600000	94500000	0.8535533905932737	1872	3.4721628035503684
chr9	96350000	97350000	0.7203067944372926	1927	1.7420062108667365
chr9	97950000	99000000	0.8744743347942345	1959	2.1342209397606333
chr9	100300000	101600000	0.8495633742671989	2006	4.206749261208094
chr9	103400000	107450000	0.5812771522080671	2068	1.1993669802377245
chr9	107450000	108450000	0.6894427190999916	2149	1.9193400824420124
chr9	108450000	109350000	0.7885800941716263	2169	1.608809242675524
chr9	110150000	111050000	1.0	2203	1.4316229597132921
chr9	113050000	114300000	1.0	2261	4.820543693814145
chr9	115000000	116000000	0.7907905579903909	2300	2.691128057938084
chr9	120350000	123300000	0.7944089048165339	2407	0.00480098626382128
chr9	123300000	124200000	1.0	2466	5.002102397642015
chr9	126200000	127150000	0.9023689270621824	2524	4.78624784273441
chr9	130900000	131800000	1.0	2618	4.871287240257495
chr9	139300000	140500000	0.9674563090207275	2786	4.730380403991313
chrX	1450000	2750000	0.821603021222213	29	5.943420570193268
chrX	2750000	3900000	0.8373467368390075	55	2.2742616612570483
chrX	3900000	6850000	0.810138638658667	78	0.0
chrX	6850000	7950000	0.7184975726991487	137	2.9606970393043124
chrX	8700000	10100000	0.8620851370143499	174	2.111657346263132
chrX	11850000	12850000	0.7071067811865475	237	3.0622080775602454
chrX	15700000	16800000	0.7651650429449552	314	2.877130728765659
chrX	16800000	17800000	0.6699791832313204	336	4.277612870756686
chrX	21950000	23650000	0.9164436571854327	439	4.438825113175625
chrX	25300000	26350000	0.6481812160876684	506	0.0
chrX	26350000	27400000	0.9023689270621824	527	0.0
chrX	27400000	28550000	0.8901650429449552	548	0.0024024902153046133
chrX	29150000	30100000	0.8047378541243649	583	0.0
chrX	30900000	31800000	0.8535533905932737	618	1.4316229597132921
chrX	32400000	33450000	0.6565991539589369	648	2.3161457422933562
chrX	33450000	34450000	0.8047378541243649	669	0.0
chrX	34450000	35400000	0.7071067811865475	689	3.893362210763872
chrX	35400000	36950000	0.9483129613858613	708	0.0
chrX	36950000	38400000	0.8161760458079523	739	2.5579614268931965
chrX	39400000	40400000	0.8326324463923128	788	2.6064422281316078
chrX	41650000	43650000	0.7488823742250248	833	2.08831123588866
chrX	43650000	45100000	0.9504441738241592	873	1.6651328494051394
chrX	55150000	56250000	0.7907905579903909	1103	2.149476165416011
chrX	56800000	58100000	0.8914213562373096	1136	1.4598687327266553
chrX	63050000	64700000	0.8974873734152915	1261	1.7834566543602395
chrX	66050000	67300000	0.9121320343559641	1321	0.8875252707415875
chrX	69800000	70900000	0.9023689270621825	1396	4.2711361667605745
chrX	70900000	73000000	0.775804123191978	1418	5.636860217330007
chrX	73000000	73900000	0.882842712474619	1460	2.9180681449200043
chrX	73900000	75400000	0.8589150429449554	1478	2.233939175164482
chrX	75400000	77450000	0.8819545702140058	1508	6.572780216115606
chrX	77450000	79900000	0.9354743074601812	1549	0.12432813500220179
chrX	79900000	80800000	1.0	1598	4.515069014032239
chrX	80800000	83100000	0.7670180079818171	1616	0.0
chrX	85550000	87100000	0.8127330061577456	1711	0.3617683594191536
chrX	87100000	95500000	0.20361218458016195	1742	0.4931349223055049
chrX	96050000	96950000	0.8535533905932737	1921	0.269033146455237
chrX	96950000	99650000	0.7006035799413844	1939	0.0
chrX	99650000	100650000	0.9023689270621825	1993	6.112190420192076
chrX	102250000	103550000	0.9755922317655457	2045	4.979119903338339
chrX	104350000	105550000	0.7535533905932738	2087	0.1842802944193824
chrX	109650000	110850000	0.8747546895706428	2193	0.8960780553970645
chrX	112150000	114400000	0.8046849052629554	2243	0.04614178164472064
chrX	115050000	116900000	0.7191083235744387	2301	0.0
chrX	119900000	122250000	0.8223764602724182	2398	0.03813512888677098
chrX	123350000	128550000	0.4710165464487115	2467	0.00480098626382128
chrX	130900000	131900000	0.8496019422142796	2618	1.1309308698264486
chrX	131900000	132900000	0.8535533905932736	2638	0.40053792958372864
chrX	135000000	136200000	0.9259259259259258	2700	3.637011220677506
chrX	136200000	137150000	0.7071067811865475	2724	0.0
chrX	139850000	148550000	0.2154840728175515	2797	1.5228775114924766
chrX	149050000	149950000	0.8535533905932737	2981	3.9462629843324506
chrX	150900000	152000000	0.9581581115980782	3018	1.8575545197711958
chrX	152750000	153850000	0.8059016994374948	3055	6.929368324071935
