chr1	2750000	3700000	0.9414213562373096	55	2.826802684285827
chr1	4050000	5500000	0.835247564417433	81	0.0
chr1	11850000	12850000	0.7821248191647023	237	4.719850820105169
chr1	17900000	18950000	0.9163162231961565	358	0.2306129281414164
chr1	22400000	23350000	0.9	448	4.295355692891672
chr1	23350000	24950000	0.7742600900869846	467	7.071581113766526
chr1	30200000	31250000	0.8535533905932736	604	6.440661570655207
chr1	31250000	32150000	1.0	625	4.944837154401302
chr1	35250000	36350000	1.0	705	4.926118056362375
chr1	36950000	37900000	0.9511844635310913	739	0.0
chr1	38450000	39450000	0.8894427190999916	769	5.071247819461443
chr1	39450000	41000000	0.934912618041455	789	6.082255509383947
chr1	46800000	47750000	0.8	936	3.845239125638779
chr1	49100000	50800000	0.8558610483575818	982	0.030336078370958728
chr1	50800000	51750000	0.6422588984322123	1016	4.3027577156380366
chr1	53750000	55450000	0.9442108154641043	1075	4.720640031918569
chr1	55800000	57250000	0.8975891973670659	1116	0.09423606984576553
chr1	60300000	61350000	0.9023689270621824	1206	1.8533303508579908
chr1	62450000	63350000	0.7071067811865475	1249	2.6561694512135765
chr1	65250000	66200000	0.7788854381999831	1305	5.835140886460665
chr1	66200000	67150000	0.9023689270621824	1324	0.05889368905356862
chr1	71600000	75150000	0.6941994454788871	1432	1.7004397181410922
chr1	76450000	77500000	0.8190355937288492	1529	0.03562390973072122
chr1	79250000	84300000	0.5517770740780652	1585	0.0
chr1	84300000	85350000	0.9511844635310911	1686	4.4242876166325065
chr1	87600000	88550000	0.8242640687119285	1752	4.850249358286328
chr1	91050000	92450000	0.9511844635310913	1821	3.7524810044563734
chr1	93300000	94400000	0.9023689270621824	1866	4.983475026292749
chr1	95800000	97400000	0.9186407725518188	1916	3.070389327891398
chr1	97400000	98600000	0.8621320343559643	1948	0.070389327891398
chr1	98600000	99600000	0.7316171919370917	1972	0.0036022366801955253
chr1	101900000	102900000	0.8744743347942345	2038	0.014355292977070055
chr1	102900000	104100000	0.7676819211218878	2058	3.488429315331765
chr1	104100000	105250000	0.9581581115980783	2082	0.0
chr1	105250000	107800000	0.7228846888438696	2105	2.9813960319721486
chr1	114350000	115500000	0.9349126180414551	2287	5.083652174447489
chr1	118550000	120000000	0.8461042440323806	2371	1.790772037862
chr1	153350000	154350000	0.8535533905932736	3067	8.081051202062616
chr1	158150000	159100000	0.875	3163	1.4233336878358316
chr1	161800000	162750000	0.5602378596455088	3236	4.896433323432972
chr1	163350000	164450000	0.8169417382415922	3267	0.0
chr1	167650000	169450000	0.8955266952966369	3353	4.794710440667207
chr1	169850000	171350000	0.7821248191647023	3397	1.7100925785127057
chr1	171350000	172650000	0.7973778282549667	3427	4.458338253643027
chr1	173250000	174150000	0.9414213562373096	3465	6.017788318938332
chr1	175100000	176300000	0.8568533939059599	3502	4.133673115550182
chr1	176950000	177950000	0.9267766952966369	3539	0.01673401575980127
chr1	180350000	181250000	1.0	3607	4.342493792112159
chr1	182000000	182900000	1.0	3640	7.253873741824468
chr1	187050000	192450000	0.4849864024266146	3741	0.5310694927259542
chr1	193200000	195000000	0.8773681739041997	3864	0.0
chr1	198750000	199750000	0.6479334151332481	3975	0.0
chr1	202100000	203750000	0.8790896503228507	4042	5.1581592648108865
chr1	204900000	205800000	0.5	4098	3.5073982409543047
chr1	208650000	210000000	1.0	4173	1.2457564144019582
chr1	213350000	214350000	0.8744743347942345	4267	0.07724299893246035
chr1	214850000	215800000	0.9023689270621824	4297	4.787380222296338
chr1	215800000	218400000	0.8097905891328084	4316	0.3045110418099528
chr1	218400000	219950000	0.934912618041455	4368	3.755021078853615
chr1	230500000	231400000	0.8535533905932737	4610	4.3471180033486645
chr1	233450000	234450000	0.8744743347942348	4669	2.661825593123208
chr1	237900000	240150000	0.7893008357847666	4758	0.0024024902153046133
chr1	242200000	243150000	0.8055555555555556	4844	0.0
chr1	246700000	247650000	0.8894427190999916	4934	4.19021976366016
chr10	1850000	3150000	0.7858300914110545	37	4.976134472831655
chr10	3150000	4200000	0.9511844635310913	63	4.476381687567234
chr10	5550000	6800000	0.8767766952966368	111	4.943091828725736
chr10	7600000	8550000	0.7071067811865475	152	6.773183173898583
chr10	14500000	15950000	0.8495093791412858	290	3.5587166203645415
chr10	15950000	16850000	0.7071067811865475	319	3.292045492492863
chr10	16850000	18700000	0.695470006211784	337	4.866242269580572
chr10	18700000	21100000	0.8461450405746115	374	3.227086416874644
chr10	23900000	24800000	0.8535533905932737	478	0.0036022366801955253
chr10	27650000	28750000	0.9285714285714286	553	2.861161365753398
chr10	28750000	29850000	1.0	575	4.5932790644561425
chr10	29850000	31000000	0.7803300858899106	597	2.952333566369686
chr10	31000000	32050000	1.0	620	1.2377676472233639
chr10	33500000	34900000	0.7878954374707142	670	0.021479727410451396
chr10	35950000	37150000	0.739696106380579	719	0.8953026213333068
chr10	37150000	38050000	0.7071067811865475	743	0.017921907997262315
chr10	47850000	48950000	0.8242640687119285	957	1.3023855238698443
chr10	52600000	53950000	0.9574779688846122	1052	2.208413210543598
chr10	55400000	59850000	0.5701652384968596	1108	5.260402093025793
chr10	60250000	61400000	1.0	1205	0.0
chr10	63050000	64150000	0.9163162231961564	1261	0.20914139783859165
chr10	65600000	68000000	0.8583800581792219	1312	0.0
chr10	77850000	78800000	0.882842712474619	1557	0.0
chr10	79550000	80500000	0.9023689270621825	1591	10.559416527476355
chr10	81150000	82050000	0.9267766952966369	1623	3.236237477335295
chr10	82750000	85800000	0.7239057341870861	1655	0.0
chr10	86400000	87850000	0.8276650429449554	1728	0.0
chr10	87850000	88900000	0.782842712474619	1757	4.136609014033841
chr10	91600000	92600000	0.9414213562373096	1832	0.0
chr10	95300000	96350000	1.0	1906	2.730748629416213
chr10	98150000	100150000	0.9023586893157393	1963	4.641229899161474
chr10	100150000	101100000	0.882842712474619	2003	3.2564445964734428
chr10	101100000	102100000	0.8744743347942345	2022	3.9673991989246136
chr10	104400000	105300000	0.9267766952966369	2088	5.014919029242487
chr10	105300000	108400000	0.8031893229437451	2106	5.242446609121169
chr10	109000000	111600000	0.8108839018531078	2180	0.0
chr10	112900000	113900000	0.6565991539589369	2258	0.0
chr10	114300000	115400000	0.8901650429449554	2286	0.14077865578279594
chr10	116850000	118350000	0.843621358445767	2337	0.0
chr10	119050000	120100000	1.0	2381	3.377123749129487
chr10	122600000	123750000	1.0	2452	4.186817459357113
chr10	126550000	127500000	1.0	2531	2.3250985377674906
chr10	127500000	128500000	1.0	2550	4.348078942927202
chr10	128900000	129950000	0.804737854124365	2578	1.6663778820674593
chr10	132150000	133850000	0.9244863601130046	2643	5.432541900388259
chr11	3000000	4150000	0.82106674238245	60	5.44037642214493
chr11	6800000	8050000	0.9414213562373095	136	2.1156702071922644
chr11	10900000	11900000	1.0	218	2.8931194758359178
chr11	13400000	14400000	0.8326324463923129	268	4.674121632632395
chr11	15850000	16750000	0.882842712474619	317	6.689089451248381
chr11	18900000	19850000	0.9267766952966369	378	2.220845847980311
chr11	20700000	22250000	0.7006634229040065	414	0.1763227726404629
chr11	22950000	26250000	0.6954471182015644	459	0.0
chr11	26250000	27200000	1.0	525	0.053111336459562536
chr11	28500000	29400000	0.9414213562373096	570	0.0
chr11	30250000	31250000	0.9581581115980783	605	3.1882426562644093
chr11	31250000	32250000	0.8047378541243649	625	4.425929205208577
chr11	35500000	36750000	0.8001913791725188	710	3.6068567361191994
chr11	36750000	37650000	0.8894427190999916	735	0.0
chr11	37650000	38900000	0.8305415260169907	753	0.0
chr11	38900000	40300000	0.8190355937288492	778	0.0
chr11	40300000	41400000	0.8169417382415922	806	0.0
chr11	41400000	43350000	0.768482193850455	828	5.3518226445507
chr11	49050000	50000000	0.7071067811865475	981	0.0
chr11	55550000	56600000	0.9023689270621824	1111	0.0004006929732434943
chr11	58850000	60050000	0.8120711948192234	1177	3.626672752605993
chr11	60500000	61400000	0.882842712474619	1210	4.6417707904533065
chr11	71250000	72300000	0.8102378596455088	1425	4.1045044052995925
chr11	73600000	74500000	0.782842712474619	1472	3.7576900187340017
chr11	75450000	76350000	0.875	1509	4.083922483545091
chr11	78350000	79300000	0.7357022603955158	1567	0.0
chr11	79300000	81250000	0.9268920724918308	1586	0.0
chr11	81250000	82400000	0.9163162231961564	1625	0.0
chr11	83550000	85250000	0.8435849296880057	1671	0.0
chr11	88350000	89400000	1.0	1767	0.0
chr11	89950000	91950000	0.8623388501434357	1799	5.476543706214257
chr11	92600000	93500000	0.882842712474619	1852	3.3218078652909857
chr11	97350000	98300000	0.565685424949238	1947	0.0
chr11	100900000	101950000	0.9166666666666666	2018	0.18776774704602484
chr11	102600000	103550000	0.7414213562373095	2052	4.085764553778314
chr11	104000000	105800000	0.8254656094241203	2080	0.19604742615107146
chr11	105800000	107100000	0.9023689270621824	2116	3.987661942027038
chr11	108650000	109700000	1.0	2173	0.0
chr11	110350000	111250000	0.7071067811865475	2207	0.0
chr11	112050000	113150000	0.7967216809816517	2241	2.933572638261024
chr11	120150000	121050000	1.0	2403	1.878585226388373
chr11	121500000	122450000	0.9023689270621824	2430	0.0
chr11	122450000	123450000	0.9023689270621824	2449	8.030122229777579
chr11	123800000	124700000	1.0	2476	1.5654996931661995
chr11	127000000	128000000	0.8157378651666528	2540	0.0
chr11	131550000	132900000	0.9036574535158791	2631	0.0
chr11	132900000	133850000	0.7885800941716263	2658	0.0024024902153046133
chr12	5050000	6050000	0.9581581115980783	101	0.0
chr12	6550000	7850000	0.7929789612132965	131	7.535510444997201
chr12	13400000	14300000	0.882842712474619	268	0.0
chr12	15200000	16100000	0.9267766952966369	304	4.1473066987802945
chr12	16750000	17750000	0.8373467368390075	335	0.0
chr12	18350000	19800000	0.8721658548058111	367	1.8402953712780576
chr12	19800000	21350000	0.8036329681223249	396	0.003088181787570462
chr12	23350000	24250000	0.7071067811865475	467	3.5607149544744794
chr12	26900000	27850000	0.7722854315746106	538	4.177229250070092
chr12	27850000	29150000	0.9201200312326949	557	4.064293676796158
chr12	33000000	34150000	0.8901650429449552	660	1.8529975876133165
chr12	41350000	42400000	0.9414213562373096	827	0.0
chr12	44350000	45450000	0.875	887	0.2630344058337938
chr12	48050000	49250000	1.0	961	3.957610443667484
chr12	52450000	53400000	0.9414213562373096	1049	5.236208668253177
chr12	54000000	54900000	0.8242640687119285	1080	6.771193752021379
chr12	58300000	59550000	0.8454653676892976	1166	3.6166713604484944
chr12	60950000	62550000	0.7533530788939349	1219	0.0
chr12	62550000	63500000	1.0	1251	5.337211556333909
chr12	66450000	68500000	0.8594393914697472	1329	4.521090008335123
chr12	70200000	71150000	0.882842712474619	1404	4.058208246103555
chr12	71150000	72300000	0.934912618041455	1423	3.7852366608055257
chr12	72300000	74300000	0.838191365141902	1446	0.053111336459562536
chr12	77450000	78400000	0.8047378541243649	1549	1.4948422539141026
chr12	78400000	80050000	0.8647347945754028	1568	0.06350294230615795
chr12	80650000	82850000	0.8392640282281919	1613	2.0112272554232544
chr12	82850000	83900000	1.0	1657	0.5410191531335593
chr12	83900000	85300000	0.8291456223588194	1678	0.0
chr12	85300000	86350000	0.8373467368390075	1706	0.7824085649273734
chr12	86350000	88400000	0.6666602729799078	1727	0.0
chr12	88400000	89350000	0.9414213562373096	1768	3.23296768053165
chr12	90500000	91700000	0.7947213595499959	1810	0.13619138628714406
chr12	97500000	98800000	0.9733733437442318	1950	0.0
chr12	99400000	100350000	0.882842712474619	1988	0.0
chr12	104650000	105750000	1.0	2093	2.9612760396094266
chr12	108050000	108950000	0.7071067811865475	2161	4.019479533703628
chr12	113500000	114400000	1.0	2270	3.376429311069923
chr12	115050000	116350000	0.9267766952966369	2301	0.1505596765753814
chr12	120650000	121800000	0.8535533905932737	2413	5.959726692905108
chr12	124200000	125500000	0.8634522631560877	2484	6.847802780880979
chr12	125500000	126550000	0.8242640687119284	2510	1.6993295256731564
chr12	129150000	130450000	0.9414213562373095	2583	2.5913602719193065
chr12	131250000	132550000	0.8894427190999916	2625	7.689404003749549
chr13	30700000	31600000	0.8333333333333334	614	5.470618205551031
chr13	33450000	35750000	0.8398665315819405	669	3.3561438102252756
chr13	36450000	37650000	1.0	729	4.153056985561233
chr13	38200000	39450000	0.9414213562373095	764	3.8121559083214254
chr13	40300000	41350000	1.0	806	3.1377767355755575
chr13	41850000	42950000	0.9023689270621826	837	3.37253426857815
chr13	46100000	47000000	1.0	922	4.496380170490739
chr13	47400000	48500000	0.8077600538123579	948	0.0
chr13	50500000	51750000	0.95	1010	3.9422016920160527
chr13	52850000	53800000	0.9	1057	3.147815460305081
chr13	54350000	55850000	0.7466110679661833	1087	0.0
chr13	55850000	58100000	0.7344513512792968	1117	0.0
chr13	58100000	59850000	0.8973139127471975	1162	0.0
chr13	61050000	62650000	0.9383382697234837	1221	0.0
chr13	62650000	64350000	0.8360252959039952	1253	0.0
chr13	65100000	66950000	0.9149820611726689	1302	0.0
chr13	66950000	67850000	0.9267766952966369	1339	0.31614574229335635
chr13	68500000	69600000	1.0	1370	0.0
chr13	71800000	73250000	0.8497621298570349	1436	0.04264433740849372
chr13	73250000	74350000	0.9023689270621825	1465	3.820485342986379
chr13	75900000	77550000	0.8792995425742812	1518	4.334394608990793
chr13	78750000	79800000	0.9023689270621825	1575	2.607034345948616
chr13	81550000	82950000	0.9581581115980783	1631	0.0
chr13	82950000	83850000	0.7071067811865475	1659	0.0
chr13	83850000	85400000	0.8621678970289637	1677	0.02856915219677092
chr13	85400000	86550000	0.86982523608291	1708	0.0
chr13	87050000	88000000	1.0	1741	0.0
chr13	88000000	90400000	0.7830148980154357	1760	0.0
chr13	90400000	91650000	1.0	1808	0.0
chr13	91650000	92550000	0.8017766952966369	1833	0.04264433740849372
chr13	93850000	95050000	0.7261704339925263	1877	0.007195501404203767
chr13	100200000	101250000	0.9414213562373095	2004	1.7748397598273262
chr13	102650000	103550000	0.5324388287932569	2053	3.5155246369915942
chr13	103550000	104500000	1.0	2071	0.0
chr13	104500000	107350000	0.7846587714044024	2090	4.088452586502686
chr13	107750000	108800000	1.0	2155	0.6915341649192002
chr13	110850000	112200000	0.9467466874884632	2217	4.406536670205172
chr14	23950000	24950000	1.0	479	3.8676802905784418
chr14	25750000	27150000	0.7864576885775467	515	0.007195501404203767
chr14	27550000	29150000	0.7673127146918555	551	0.0
chr14	30750000	31900000	0.8157378651666527	615	5.372305405987426
chr14	33000000	34200000	0.8169417382415922	660	0.021479727410451396
chr14	38350000	39450000	0.8169417382415921	767	0.0
chr14	39950000	42150000	0.8108991897449611	799	0.09761079662642234
chr14	42150000	44450000	0.8369248024940932	843	0.0
chr14	45800000	46900000	0.8169417382415921	916	0.0
chr14	46900000	50000000	0.7286936282387235	938	0.0036022366801955253
chr14	51450000	52400000	0.8242640687119284	1029	2.4512770620982036
chr14	52800000	53800000	0.9511844635310913	1056	4.445842553889342
chr14	53800000	54800000	0.9023689270621824	1076	0.0
chr14	56950000	57850000	0.7071067811865475	1139	3.3004898443631085
chr14	62400000	63750000	0.7929723656440777	1248	0.2285621885766544
chr14	64300000	65500000	0.9154320376686507	1286	3.5682753717882774
chr14	65500000	66600000	0.7357022603955158	1310	3.996539395958633
chr14	66600000	67700000	0.5365506212675669	1332	2.0916998341368105
chr14	68300000	69350000	0.532460081867731	1366	2.493134922305505
chr14	70050000	71500000	0.7219550900307686	1401	4.209933184388137
chr14	79350000	81400000	0.7600917172267703	1587	0.0
chr14	82050000	87400000	0.456505097160763	1641	0.0
chr14	87400000	88300000	1.0	1748	0.0
chr14	89500000	91250000	0.8749754275436125	1790	4.843198738052129
chr14	94100000	95900000	0.8955634918610403	1882	2.415734087209928
chr14	97650000	99250000	0.9396785312429496	1953	0.0
chr14	99800000	100750000	0.9023689270621824	1996	3.328246068799014
chr15	22600000	23700000	0.7630915409285535	452	3.93451650158608
chr15	23700000	24950000	0.7071067811865475	474	2.3881895371560837
chr15	27100000	28350000	0.8080988451387283	542	1.249445341085839
chr15	30800000	31850000	0.7583772504818588	616	3.0151203102504387
chr15	31850000	32750000	0.9023689270621825	637	0.03562390973072122
chr15	39050000	40050000	0.808925565098879	781	0.20163386116965043
chr15	40700000	41650000	0.7112944921610614	814	4.471010054401368
chr15	46000000	47450000	0.8863737822087165	920	0.09085343045111348
chr15	47450000	48600000	0.9581581115980783	949	0.021479727410451396
chr15	53100000	54150000	0.9581581115980783	1062	0.0
chr15	54150000	55450000	0.8558375965793723	1083	0.0
chr15	55800000	56750000	0.7083333333333333	1116	1.9945797242157473
chr15	56750000	58500000	0.9374200074686877	1135	3.9771654193496215
chr15	69800000	70950000	1.0	1396	3.1481206311239642
chr15	70950000	72500000	0.9382142591895813	1419	1.0052003482154066
chr15	78000000	79100000	0.8642766952966369	1560	5.515758963918398
chr15	84850000	85750000	0.7236067977499789	1697	4.679292419650767
chr15	86400000	87850000	0.8769546917791003	1728	0.0
chr15	91600000	92600000	0.7722854315746106	1832	0.02856915219677092
chr15	93600000	95150000	0.9186407725518188	1872	0.0024024902153046133
chr16	2000000	3100000	0.7525381361380528	40	6.4820047325093
chr16	5750000	6750000	0.7071067811865475	115	0.0
chr16	6750000	7850000	0.5745242597140698	135	0.0
chr16	9300000	10250000	0.8157378651666526	186	0.0
chr16	11500000	13050000	0.7887385757784589	230	4.716285439208031
chr16	13050000	13950000	0.8535533905932737	261	0.0
chr16	13950000	14850000	0.882842712474619	279	3.5403993056306238
chr16	15400000	16400000	0.6944895939818646	308	3.963474123974886
chr16	16400000	18300000	0.5988919647560395	328	5.15062736901133
chr16	19900000	21450000	0.9396785312429498	398	4.540600785281938
chr16	21450000	22550000	0.9581581115980782	429	5.5976375825735785
chr16	22550000	23600000	0.7612038749637413	451	4.565025894432488
chr16	50000000	50950000	0.7535533905932736	1000	3.9206638259889868
chr16	50950000	52050000	0.9581581115980783	1019	0.0
chr16	52050000	53000000	1.0	1041	0.0
chr16	53600000	54700000	0.48877184069493423	1072	2.3426969599819345
chr16	58850000	62200000	0.6448239513547429	1177	0.10433665981473553
chr16	62200000	63350000	0.8901650429449554	1244	0.0
chr16	63350000	65200000	0.6991043077242381	1267	0.0
chr16	65200000	66350000	0.8169417382415921	1304	0.0
chr16	67500000	68400000	0.5	1350	4.289420917371901
chr16	68400000	69300000	0.75	1368	4.501343599277127
chr16	73400000	74350000	0.9414213562373096	1468	6.982309130129774
chr16	74350000	75250000	0.875	1487	4.237501143442218
chr16	75800000	77200000	0.9549395047979304	1516	0.0
chr16	78200000	79600000	0.8120929232252022	1564	0.0
chr16	80950000	81900000	0.882842712474619	1619	5.290525775287478
chr16	82350000	83850000	0.8966259227717227	1647	5.7451700908610235
chr16	87300000	88700000	0.693519041119966	1746	2.8789868532478744
chr17	4450000	5350000	0.882842712474619	89	4.578102000580262
chr17	5350000	6400000	0.8894427190999916	107	5.338535839595811
chr17	10650000	12000000	0.9201200312326949	213	1.9568001180515768
chr17	12000000	13050000	0.7912578159510714	240	4.040161841153955
chr17	15050000	15950000	1.0	301	2.5288838272746417
chr17	16500000	17600000	0.9023689270621825	330	3.864221526073048
chr17	36850000	38250000	0.8953952789951954	737	6.68381879679778
chr17	38250000	39850000	0.859390901302431	765	3.4395894745606177
chr17	44100000	45050000	0.8242640687119285	882	4.431088033848473
chr17	45050000	45950000	0.9414213562373096	901	5.6303083876386975
chr17	46800000	48200000	0.8898872260815078	936	5.702247092154568
chr17	48200000	49350000	0.7071067811865475	964	6.206041304336571
chr17	49350000	50350000	0.9163162231961564	987	0.0
chr17	50350000	52100000	0.8413495064760466	1007	0.0
chr17	54000000	55800000	0.9272792206135786	1080	3.7325707094695035
chr17	58750000	59650000	1.0	1175	0.9653225483672546
chr17	60500000	61900000	0.9076504843704676	1210	4.571426977196821
chr17	63200000	64150000	0.782842712474619	1264	0.3923174227787603
chr17	68650000	70600000	0.7431620618540861	1373	0.0
chr17	71300000	72200000	0.9023689270621825	1426	8.275426158084247
chr17	72850000	73800000	0.5511708697745937	1457	5.637171353245209
chr17	73800000	75450000	0.8659569050134718	1476	4.804797303613297
chr18	4000000	5050000	0.6402734644166456	80	0.14404636961670686
chr18	5050000	6500000	0.8576783947341317	101	1.4756037446845998
chr18	7150000	8500000	1.0	143	0.023846741954367666
chr18	12200000	13100000	0.9023689270621825	244	5.317346829647083
chr18	20350000	21400000	0.9414213562373096	407	4.441865217388118
chr18	21400000	23500000	0.8532170444542989	428	1.2745101661307807
chr18	23500000	25150000	0.9113703455231269	470	4.695715488609975
chr18	25150000	27350000	0.8384154187912451	503	0.0
chr18	30750000	32400000	0.9227326838446488	615	0.3190398155625359
chr18	33500000	34400000	0.7203067944372926	670	5.636213744357577
chr18	34950000	37300000	0.8946274241838504	699	0.03562390973072122
chr18	37300000	39550000	0.8192804764635412	746	6.315421315945779
chr18	39550000	41150000	0.9075074045852255	791	0.0
chr18	41150000	42100000	0.8535533905932736	823	0.0
chr18	42100000	43050000	0.8157378651666526	842	0.04264433740849372
chr18	49150000	51850000	0.8089909498473532	983	3.352146445481448
chr18	54300000	55200000	0.7071067811865475	1086	3.407624675566609
chr18	61700000	64150000	0.8199417298436273	1234	0.0
chr18	64850000	66400000	0.8827270720292228	1297	3.2672860888442448
chr18	66400000	67400000	0.8326324463923127	1328	0.0
chr18	68200000	70350000	0.8484909417526749	1364	0.009586048829197932
chr18	74550000	75450000	0.8535533905932737	1491	0.0
chr18	75450000	76700000	0.8964933779884593	1509	0.0
chr19	1900000	3300000	0.8392158177035608	38	5.570899286351525
chr19	4650000	5650000	0.7702200572599404	93	4.119620272158975
chr19	5650000	6950000	1.0	113	4.911668201162004
chr19	11650000	12900000	0.8535533905932736	233	3.669983424625032
chr19	12900000	13900000	0.8860379610028064	258	5.59411785402711
chr19	15650000	16650000	0.9210305136428512	313	3.613748760447789
chr19	21100000	22100000	0.6775200981598978	422	3.535883294459006
chr19	22100000	23600000	0.7402609162066093	442	0.78925500823653
chr19	32700000	33700000	0.782842712474619	654	3.8664794238531877
chr19	36600000	37850000	0.7257043183120632	732	4.048210347341362
chr19	41150000	42400000	1.0	823	5.702231823118047
chr19	43050000	43950000	0.8333333333333334	861	0.009756650738093136
chr19	44200000	45100000	1.0	884	2.1614536306130967
chr19	45100000	46250000	1.0	902	5.271385210539223
chr19	49100000	50050000	0.8157378651666526	982	7.302848927032933
chr19	50600000	51650000	0.9414213562373095	1012	2.7251825136931425
chr19	52900000	54250000	0.8601533972186464	1058	3.131699224186013
chr2	2650000	3850000	0.8956289079755357	53	7.6720048875467155
chr2	3850000	4850000	0.7071067811865475	77	0.0
chr2	4850000	6900000	0.883464778318819	97	0.0
chr2	7900000	8850000	0.8535533905932737	158	4.143230134776893
chr2	10850000	11850000	0.8571428571428571	217	4.561784353081841
chr2	11850000	13200000	0.7031167648604726	237	4.2861418728343015
chr2	13200000	15250000	0.861121138800836	264	0.11103131238874395
chr2	15800000	17650000	0.8695693188614468	316	0.39323312896049556
chr2	18550000	20000000	0.8592216809816517	371	2.4042900644448366
chr2	21600000	22500000	1.0	432	0.0
chr2	22500000	23400000	0.8535533905932737	450	0.0
chr2	27900000	28800000	0.8535533905932737	558	3.3719570671524126
chr2	30950000	31950000	0.8414213562373096	619	0.014355292977070055
chr2	32750000	33800000	0.9023689270621824	655	4.2731428593080825
chr2	33800000	35700000	0.8743813787781216	676	6.200849574637213
chr2	40050000	42000000	0.7881377540174788	801	0.0
chr2	48800000	49850000	1.0	976	0.007195501404203767
chr2	49850000	50750000	0.7071067811865475	997	0.0
chr2	50750000	54050000	0.6941204479767018	1015	3.673556423990145
chr2	54050000	55000000	1.0	1081	3.4891432734009156
chr2	56400000	57900000	0.8680679560328757	1128	0.0
chr2	58700000	60000000	0.9023689270621825	1174	0.0
chr2	65850000	66900000	0.882842712474619	1317	2.2016338611696504
chr2	68200000	69200000	0.7316171919370917	1364	2.757734459260778
chr2	74850000	75900000	0.7706324558571308	1497	4.026800059343715
chr2	75900000	76900000	0.8744743347942345	1518	4.520422248526446
chr2	76900000	79300000	0.8112458946356659	1538	0.007195501404203767
chr2	81500000	83900000	0.7798043233075685	1630	0.0
chr2	87600000	89000000	0.7362359855281135	1752	2.289178694693087
chr2	97200000	98250000	0.7788854381999831	1944	5.49233391454472
chr2	98950000	100150000	0.8734919064303391	1979	4.1435902953102275
chr2	100150000	101050000	0.8535533905932737	2003	2.612647377658316
chr2	101050000	101950000	1.0	2021	8.353181490100082
chr2	102550000	103500000	1.0	2051	1.3479490656017323
chr2	103500000	104450000	0.7071067811865475	2070	0.0
chr2	107250000	108150000	0.7071067811865475	2145	0.0
chr2	109450000	110450000	0.9023689270621825	2189	0.0
chr2	111400000	112500000	0.8496019422142796	2228	5.796839982447619
chr2	112500000	113400000	1.0	2250	3.94335876267781
chr2	114800000	118700000	0.6207319580663674	2296	5.71699089440494
chr2	118700000	119700000	1.0	2374	3.326609251005271
chr2	123150000	124750000	0.8047378541243649	2463	0.0
chr2	124750000	126850000	0.8472922541525506	2495	0.0
chr2	126850000	127800000	0.9414213562373096	2537	6.549014511762007
chr2	133000000	134600000	0.9396785312429498	2660	0.0
chr2	137200000	138600000	0.8714174711343223	2744	0.0
chr2	138600000	139600000	0.8678511301977578	2772	2.0367963559885767
chr2	141700000	143850000	0.9225133529944778	2834	2.0036022366801958
chr2	143850000	145200000	0.807487856884937	2877	3.0669502439246266
chr2	145800000	146750000	0.9414213562373096	2916	0.0
chr2	147450000	148650000	0.5853556265392366	2949	0.7990873060740036
chr2	150450000	151400000	0.9023689270621826	3009	0.11769504266975458
chr2	153600000	154500000	0.9267766952966369	3072	0.0
chr2	154500000	156200000	0.9482466889942298	3090	0.0
chr2	159650000	160800000	0.934912618041455	3193	3.2560671252413336
chr2	160800000	161950000	0.934912618041455	3216	0.07267750448666825
chr2	163100000	164000000	0.7071067811865475	3262	0.09085343045111348
chr2	164000000	165600000	0.9400751135722658	3280	0.0
chr2	165600000	166900000	0.9755922317655457	3312	2.138205963936281
chr2	167400000	168550000	0.8901650429449552	3348	0.070389327891398
chr2	170800000	171750000	0.7269045263121754	3416	2.12565110166152
chr2	174300000	175400000	1.0	3486	5.466324138116985
chr2	179550000	180900000	0.9090909090909092	3591	1.713695814843359
chr2	180900000	181950000	0.9023689270621826	3618	6.4198759304221955
chr2	185400000	187300000	0.7650902497564753	3708	0.010779838753242761
chr2	193750000	196150000	0.8776294070345734	3875	0.0
chr2	196850000	197800000	0.8535533905932737	3937	3.2854022188622487
chr2	203200000	204300000	0.9	4064	4.731590571594451
chr2	205650000	206700000	1.0	4113	0.0
chr2	206700000	208400000	0.814998231678757	4134	6.117279460053922
chr2	209150000	210100000	0.9023689270621824	4183	2.161887682376894
chr2	210100000	211200000	1.0	4202	3.0386995513055854
chr2	211200000	213500000	0.8710066120689737	4224	4.028274453995177
chr2	214100000	215350000	0.8914213562373094	4282	0.269033146455237
chr2	215350000	216900000	0.9019607843137254	4307	4.555018526635021
chr2	219600000	220600000	0.9511844635310913	4392	3.9118466414056363
chr2	220600000	222800000	0.765902961576685	4412	0.03562390973072122
chr2	225650000	226550000	0.7236067977499789	4513	0.04614178164472064
chr2	226550000	227550000	0.9163162231961564	4531	0.0
chr2	228750000	230550000	0.9303511301977578	4575	0.0
chr2	230550000	231750000	0.8378266793910978	4611	4.296016822533223
chr2	233400000	234300000	1.0	4668	2.9057222266479603
chr20	1450000	2700000	0.825534566276342	29	5.511947944954148
chr20	10700000	11600000	0.48688672392660703	214	0.0
chr20	11600000	13150000	0.8256196415254552	232	1.7059779016825223
chr20	13900000	16100000	0.8231594836654688	278	0.0
chr20	17400000	18300000	0.5669417382415922	348	4.291677223176022
chr20	18300000	19700000	0.921030513642851	366	3.3448284969974416
chr20	19700000	20750000	1.0	394	3.4683971267709253
chr20	20750000	21650000	0.8618033988749895	415	3.9745293124838823
chr20	36150000	37050000	0.9023689270621825	723	3.8648299507007526
chr20	37750000	39450000	0.9721054077320522	755	0.0
chr20	40450000	42000000	0.8630852169962633	809	0.0
chr20	43450000	44550000	0.7955048484370858	869	3.168356777022885
chr20	47750000	48650000	0.6035533905932737	955	3.7961304843953503
chr20	58200000	59800000	0.9011221233452444	1164	1.4038130616165898
chr21	17350000	18750000	0.8117115021913519	347	0.0
chr21	18750000	19800000	0.7702200572599404	375	3.1205178341204656
chr21	20350000	22350000	0.779654599899525	407	0.0
chr21	23950000	24950000	0.9023689270621825	479	0.0
chr21	25950000	26850000	1.0	519	0.0
chr21	26850000	28150000	0.7275640720246148	537	6.117556528432129
chr21	28150000	29150000	0.7071067811865475	563	0.0036022366801955253
chr21	29150000	30250000	0.7907905579903909	583	0.0
chr21	30250000	31350000	1.0	605	6.033716650030402
chr21	31350000	32450000	0.7821248191647022	627	0.0
chr21	34950000	36100000	0.9047619047619048	699	6.118837277979703
chr21	37450000	38400000	0.9023689270621824	749	3.1098619884914385
chr21	39800000	40900000	0.8867295401695069	796	6.207002114584101
chr21	40900000	42500000	0.7655758708430733	818	0.0
chr21	43600000	44500000	1.0	872	4.056850274237681
chr22	21250000	22350000	0.8901650429449554	425	6.07683502715623
chr22	26800000	27800000	0.8373467368390075	536	4.641835001555368
chr22	29700000	30600000	1.0	594	4.5346308251710115
chr22	30600000	31800000	0.7701856083110132	612	3.181801291612125
chr22	33550000	35600000	0.6338434948568523	671	0.16671544496642232
chr22	35600000	36850000	0.664902910955215	712	3.5609594583375994
chr22	36850000	37950000	0.7583772504818587	737	4.759028982278539
chr22	39850000	40750000	1.0	797	6.224435864887332
chr22	42000000	43000000	0.7093984093381442	840	4.854304430495097
chr22	48350000	49750000	0.882959082705218	967	0.0
chr3	600000	3250000	0.7889994591861402	12	4.095924419998536
chr3	3250000	4300000	0.8707106781186548	65	0.0
chr3	6900000	8550000	0.9273749397215674	138	0.0
chr3	8550000	9450000	0.8535533905932737	171	4.942480992870084
chr3	9450000	10350000	1.0	189	5.4313622081312545
chr3	18500000	19900000	0.6989667075666242	370	0.014355292977070055
chr3	20300000	21800000	0.90456892927064	406	0.0
chr3	21800000	23050000	0.804737854124365	436	0.11769504266975458
chr3	23700000	24750000	0.844887651767585	474	8.867102639846111
chr3	25950000	27200000	0.7758608334925218	519	0.16349873228287956
chr3	28500000	30050000	0.9186733684195038	570	0.0
chr3	33900000	36000000	0.8095971549708384	678	0.0
chr3	38550000	39450000	0.7885800941716263	771	8.426858765529365
chr3	45750000	47450000	0.8145864164437381	915	2.8254245639181765
chr3	50300000	51450000	0.7506504832081076	1006	4.053958453770161
chr3	58600000	59600000	0.818634475484276	1172	1.0953618561228602
chr3	66950000	67850000	0.8333333333333334	1339	3.760487101811031
chr3	67850000	69000000	0.7071067811865475	1357	0.0
chr3	73650000	75200000	0.8813380883195704	1473	0.0
chr3	75750000	76950000	0.8767766952966368	1515	3.4498914730109442
chr3	79550000	80500000	0.9414213562373096	1591	0.2750070474998698
chr3	80500000	81450000	0.9414213562373096	1610	0.0
chr3	82100000	83650000	0.8176396900706779	1642	0.0
chr3	84600000	85750000	0.7803300858899106	1692	1.5185351389821802
chr3	85750000	86700000	0.7071067811865475	1715	0.0
chr3	87300000	88250000	0.804737854124365	1746	3.249066033855867
chr3	88250000	89150000	0.9267766952966369	1765	0.0
chr3	95050000	97450000	0.8452734461738229	1901	1.6712933724815757
chr3	97750000	98800000	0.5957239873208663	1955	3.5899232450318594
chr3	100550000	101450000	0.7071067811865475	2011	7.335569005556749
chr3	102400000	105250000	0.8010756604783011	2048	0.056583528366367514
chr3	105250000	106200000	1.0	2105	2.7676547982373467
chr3	108850000	110000000	0.7071067811865475	2177	0.0
chr3	114050000	115550000	0.7559147394378498	2281	0.07724299893246035
chr3	115550000	116500000	1.0	2311	0.0
chr3	116500000	118550000	0.7852946248685269	2330	0.0
chr3	118550000	119450000	0.9414213562373095	2371	3.3421754382473483
chr3	119450000	120600000	0.733207933147668	2389	4.07019848259171
chr3	122050000	123350000	0.8333333333333333	2441	4.190246106796641
chr3	123350000	124350000	0.8047378541243649	2467	4.747924416238441
chr3	124350000	125400000	1.0	2487	3.5773532922865816
chr3	125400000	126300000	0.882842712474619	2508	1.7394160934010288
chr3	133200000	134350000	0.9163162231961566	2664	4.533303772647341
chr3	135700000	136800000	0.9023689270621824	2714	4.805550425210856
chr3	136800000	137700000	0.8242640687119285	2736	0.0
chr3	143500000	145800000	0.7929422243894284	2870	1.1688559424523866
chr3	147000000	148600000	0.9349126180414549	2940	0.08133962745193878
chr3	150100000	151000000	0.8535533905932737	3002	5.478257289212695
chr3	157300000	158500000	0.9349126180414549	3146	3.9044152818055866
chr3	160300000	161200000	0.5771601883432527	3206	4.199986366721674
chr3	161200000	162750000	0.9999999999999999	3224	0.0
chr3	162750000	164900000	0.8408394474068873	3255	0.0
chr3	166250000	167900000	0.8855330513196458	3325	4.707957254824181
chr3	172500000	176150000	0.6419168643816449	3450	0.10209818761873599
chr3	179450000	180350000	1.0	3589	4.441616269406558
chr3	182450000	183550000	0.6791108393704741	3649	3.6192369182762723
chr3	185300000	186400000	0.7676819211218877	3706	4.663368341465201
chr3	189600000	190900000	0.8062606581150973	3792	0.21826453571377138
chr3	192200000	193350000	0.9581581115980782	3844	3.264536430999026
chr4	1750000	2650000	0.8535533905932737	35	3.918386234446348
chr4	7150000	8100000	0.7614223231766	143	0.007195501404203767
chr4	10600000	12700000	0.8081643613856383	212	0.0
chr4	12700000	13650000	0.8242640687119285	254	3.7662417765368383
chr4	13650000	14750000	0.8867295401695069	273	0.0
chr4	16400000	17450000	0.9163162231961565	328	0.02856915219677092
chr4	17450000	18650000	0.8238015069303439	349	5.056502244429887
chr4	19200000	20300000	0.656599153958937	384	2.070389327891398
chr4	20800000	21750000	0.6637912502387825	416	0.0
chr4	22850000	23800000	1.0	457	0.0
chr4	24400000	25400000	0.882842712474619	488	5.061236165747747
chr4	27100000	31800000	0.5197521037876409	542	0.0
chr4	32400000	34550000	0.7595900458421758	648	0.0
chr4	34550000	37450000	0.866195440830531	691	0.06350294230615795
chr4	40850000	41800000	0.7777777777777777	817	0.0600473836699389
chr4	43050000	44700000	0.7651650429449554	861	2.720278465233327
chr4	44700000	47400000	0.772551447648095	894	1.4892860226258766
chr4	57900000	60050000	0.7504806026748778	1158	0.014355292977070055
chr4	60050000	65500000	0.4724672222911169	1201	0.010779838753242761
chr4	65500000	68250000	0.7001848328825352	1310	0.021479727410451396
chr4	68250000	69250000	0.7357022603955158	1365	4.066605884204436
chr4	69250000	71400000	0.7571729644429234	1385	0.01090327790120158
chr4	73950000	75050000	0.9008883476483185	1479	2.8453645937469494
chr4	79850000	80850000	0.782842712474619	1597	4.658973100845707
chr4	81300000	82250000	1.0	1626	0.15704371014558005
chr4	82250000	83200000	0.8707106781186549	1645	0.5704629310260411
chr4	83750000	84650000	0.8333333333333334	1675	5.08243939020419
chr4	86000000	87800000	0.9273229184672257	1720	1.2615308152434062
chr4	88500000	89500000	0.6944895939818647	1770	3.439878821215897
chr4	90100000	91200000	0.7071067811865475	1802	1.2039841658559884
chr4	91200000	94650000	0.6682124635273845	1824	0.0
chr4	96500000	99000000	0.7236431508462899	1930	0.0
chr4	99000000	100000000	0.8571428571428572	1980	5.234961094839504
chr4	100950000	101850000	0.7071067811865475	2019	0.0036022366801955253
chr4	101850000	103200000	0.9023689270621825	2037	0.787989597190673
chr4	103200000	104100000	0.9267766952966369	2064	5.50672411217618
chr4	104900000	105850000	1.0	2098	0.007195501404203767
chr4	107250000	108400000	0.804737854124365	2145	0.0
chr4	111500000	112950000	0.9218951416497461	2230	0.04963076772460043
chr4	112950000	114200000	0.8934933749769263	2259	3.0920171075407694
chr4	115750000	119200000	0.694742479649347	2315	0.0036022366801955253
chr4	121050000	122150000	0.8373467368390075	2421	0.00480098626382128
chr4	125250000	126200000	0.8242640687119284	2505	2.4828482830684653
chr4	126200000	127400000	0.8169417382415922	2524	0.0
chr4	129100000	130250000	0.9267766952966369	2582	4.2393598502774665
chr4	130250000	133200000	0.7846054294504697	2605	0.0
chr4	134000000	135500000	0.8722604191027171	2680	0.4436066514756146
chr4	135500000	137850000	0.7430227424584289	2710	0.0
chr4	137850000	138950000	0.9267766952966369	2757	0.04264433740849372
chr4	138950000	139900000	0.7203067944372926	2779	3.693208148910016
chr4	141800000	143100000	0.9467466874884634	2836	4.5009082546134564
chr4	143100000	144000000	0.7071067811865475	2862	0.0
chr4	145100000	146000000	0.875	2902	0.0
chr4	146000000	147100000	0.9581581115980783	2920	4.9006857051865005
chr4	147100000	148000000	0.649596116318638	2942	2.2280490478844626
chr4	148850000	150200000	0.8535533905932737	2977	0.20789285164133287
chr4	151050000	152000000	1.0	3021	3.9606970393043124
chr4	152000000	153250000	0.8328427124746189	3040	9.580742839740163
chr4	154650000	155600000	0.6747912612810701	3093	3.9331595037990703
chr4	156850000	158050000	0.8383883476483185	3137	0.0036022366801955253
chr4	158050000	159000000	0.8047378541243649	3161	0.0
chr4	160400000	162100000	0.9068067031048105	3208	0.0
chr4	162100000	163550000	0.8459708691207961	3242	1.160274831408593
chr4	163550000	164450000	0.7722854315746106	3271	2.8032270364349277
chr4	164450000	165750000	0.7599056032721726	3289	0.014355292977070055
chr4	167900000	169050000	0.9023689270621824	3358	0.0
chr4	171050000	172700000	0.9165498521764965	3421	0.0
chr4	175750000	177350000	0.8749930799678868	3515	3.6171473264851066
chr4	179200000	180300000	0.8047378541243649	3584	0.0
chr4	181600000	182550000	0.782842712474619	3632	0.0
chr4	182550000	183750000	0.8468133715066268	3651	0.007195501404203767
chr5	2800000	3750000	0.7071067811865475	56	0.0
chr5	3750000	4850000	0.6060915267313263	75	0.0
chr5	5450000	6800000	0.9231200342442276	109	4.863888906474349
chr5	6800000	7850000	1.0	136	0.021479727410451396
chr5	7850000	9300000	0.8557227287803569	157	4.7655347463629765
chr5	9300000	10200000	0.9267766952966369	186	0.0
chr5	10200000	12300000	0.8728428454144332	204	7.02694142079698
chr5	13000000	13950000	0.7071067811865475	260	0.014355292977070055
chr5	13950000	15100000	1.0	279	2.5795422249369033
chr5	15100000	16250000	0.8901650429449552	302	0.0
chr5	16250000	17250000	0.7612038749637413	325	2.200849574637213
chr5	18400000	19650000	0.674735211786625	368	0.0
chr5	19650000	21750000	0.7827258400274292	393	0.6415460290875238
chr5	21750000	23200000	0.835247564417433	435	0.2326607567902751
chr5	23200000	24600000	0.9015228816828315	464	0.21412480535284734
chr5	24600000	27650000	0.654267774292534	492	0.007195501404203767
chr5	27650000	28750000	0.9267766952966369	553	0.0
chr5	29300000	31300000	0.7728635164236227	586	0.0
chr5	35050000	35950000	0.9267766952966369	701	0.05380644369579382
chr5	39600000	40900000	0.9121320343559642	792	9.817226717680612
chr5	41750000	42900000	0.9267766952966369	835	4.111170454505927
chr5	43650000	44900000	0.8015747534559559	873	5.353587949195417
chr5	44900000	45800000	0.7071067811865475	898	0.0
chr5	50250000	51350000	1.0	1005	0.0
chr5	57800000	59100000	0.6420803640041228	1156	0.0
chr5	63950000	64900000	1.0	1279	3.9905767461133745
chr5	66600000	67500000	1.0	1332	0.0
chr5	68950000	70000000	1.0	1379	5.233427943748471
chr5	70000000	71600000	0.9692896441944421	1400	4.237783577955205
chr5	72200000	73150000	0.9023689270621824	1444	6.168087066692633
chr5	73150000	74050000	1.0	1463	5.137401055974695
chr5	74050000	75050000	0.9581581115980783	1481	4.978538869710445
chr5	79300000	80650000	1.0	1586	3.856578321421207
chr5	80650000	81600000	0.8894427190999916	1613	9.442217820176026
chr5	82950000	85500000	0.7240748334104957	1659	0.0
chr5	88000000	89000000	0.9163162231961566	1760	4.792334805706693
chr5	90800000	93250000	0.8234716009895461	1816	0.09423606984576553
chr5	94750000	95950000	0.8771585767777684	1895	5.006502045090715
chr5	96600000	98400000	0.9866866718721159	1932	4.433460256106303
chr5	98400000	99700000	0.8024328425699517	1968	0.0
chr5	99700000	101800000	0.7118601302703222	1994	0.4672794804599822
chr5	101800000	102900000	0.7665569415042095	2036	4.26033936033567
chr5	104100000	105550000	0.8535533905932737	2082	0.0
chr5	105550000	107050000	0.8847317714423459	2111	0.09761079662642234
chr5	107750000	109300000	0.873159258918959	2155	4.387758869061035
chr5	110550000	111500000	0.9414213562373096	2211	4.435628594052091
chr5	113000000	114450000	0.96875	2260	0.0
chr5	116250000	118200000	0.767872386984206	2325	0.0
chr5	118900000	120050000	0.8901650429449552	2378	0.19219416528334513
chr5	120050000	121400000	0.8057595180117629	2401	2.1101961777541995
chr5	121400000	123000000	0.911900753465172	2428	3.2581838817369926
chr5	124400000	125650000	0.7869867499538525	2488	0.0
chr5	125650000	126850000	0.7632074710295633	2513	4.279285560846542
chr5	129150000	130400000	0.9707106781186547	2583	0.03562390973072122
chr5	132400000	133400000	0.8571428571428572	2648	5.729598086209189
chr5	136950000	137900000	1.0	2739	4.894774973893143
chr5	142300000	143550000	0.611899088461249	2846	3.7295527704539713
chr5	143550000	145900000	0.8832216630926708	2871	4.695892610413293
chr5	147750000	148650000	0.8017766952966369	2955	2.499527024215096
chr5	148650000	149800000	0.8238015069303438	2973	3.6697130882060724
chr5	151900000	152800000	0.8535533905932737	3038	0.0
chr5	154450000	155400000	0.7071067811865475	3089	0.0
chr5	155400000	156550000	0.8378266793910978	3108	0.07382023329167138
chr5	156550000	157500000	0.8535533905932736	3131	3.4711409990230893
chr5	159900000	160950000	0.9414213562373096	3198	0.0
chr5	160950000	162950000	0.7685767854787137	3219	5.227000818580961
chr5	162950000	164000000	1.0	3259	0.0
chr5	164000000	165000000	0.8326324463923127	3280	0.0
chr5	165000000	167650000	0.7493267128086182	3300	0.0
chr5	167650000	169000000	0.7775640720246149	3353	4.6937099655827605
chr5	171900000	172950000	0.8744743347942345	3438	4.784556329405176
chr5	175000000	176000000	0.8420610272857023	3500	5.374182499118784
chr5	176000000	176950000	0.9267766952966369	3520	4.9620862498506435
chr5	179100000	180100000	1.0	3582	5.8282713833639095
chr6	1500000	2700000	0.827468177277773	30	1.8855743643714264
chr6	3200000	4150000	0.7412022659166596	64	4.496142737927866
chr6	4150000	5050000	0.7203067944372926	83	4.662347938814604
chr6	7300000	8200000	0.6421334847649001	146	5.629833465247028
chr6	8950000	10000000	0.804737854124365	179	0.0
chr6	12200000	13650000	0.7667211050586455	244	4.283042037833035
chr6	18400000	20050000	0.8458456743087092	368	0.0
chr6	20600000	22300000	0.9721054077320521	412	0.007195501404203767
chr6	22300000	24300000	0.741246992911114	446	0.021479727410451396
chr6	25100000	26050000	1.0	502	3.579151746102543
chr6	27850000	29000000	0.8333333333333333	557	4.317741489366884
chr6	30450000	31500000	0.8867295401695068	609	6.2463782253434585
chr6	32150000	33200000	0.7884068880649888	643	3.9906474976126303
chr6	34150000	35250000	1.0	683	8.36648302518478
chr6	38050000	39300000	0.9023334547203385	761	4.995625841798803
chr6	44400000	45850000	0.9285714285714286	888	1.9603881441011437
chr6	45850000	46900000	0.9023689270621824	917	0.01578299724092746
chr6	47750000	49400000	0.7964067359813313	955	0.0036022366801955253
chr6	52650000	53650000	0.9023689270621825	1053	4.762295657146698
chr6	53650000	55150000	0.9655419742572409	1073	0.0014419741739063218
chr6	55150000	56150000	0.9285714285714286	1103	0.0
chr6	63000000	64050000	0.7357022603955158	1260	2.3673710656485296
chr6	65150000	66500000	0.7163495064760466	1303	0.32192809488736235
chr6	66500000	67600000	0.691662969499982	1330	0.0
chr6	70900000	71800000	0.882842712474619	1418	3.3321350377566197
chr6	71800000	72950000	0.7630915409285535	1436	0.0036022366801955253
chr6	72950000	73950000	0.6479334151332481	1459	1.20006486151431
chr6	74450000	75900000	0.8475412607362388	1489	0.0
chr6	76550000	78300000	0.8954866990309807	1531	0.0
chr6	78300000	79550000	0.9707106781186547	1566	0.0
chr6	79550000	80600000	1.0	1591	3.012211083950875
chr6	80600000	82400000	0.9297056274847715	1612	3.6866405878639643
chr6	82900000	83800000	1.0	1658	2.666302128173095
chr6	85050000	86050000	0.9163162231961565	1701	4.88728155166999
chr6	88600000	89600000	0.6035533905932737	1772	0.08065766334522519
chr6	89600000	90500000	1.0	1792	2.8944209400488283
chr6	91650000	95700000	0.5725806998163732	1833	0.0
chr6	97900000	99200000	0.7895728111794097	1958	0.0
chr6	101200000	105050000	0.6405968589689872	2024	3.7059779016825223
chr6	105900000	106800000	1.0	2118	4.1170716238451215
chr6	109850000	110800000	0.9511844635310911	2197	2.2731428593080825
chr6	114350000	116400000	0.7816531022149442	2287	0.025028794491522448
chr6	118150000	120150000	0.7363185379387444	2363	3.67371793477015
chr6	120150000	121300000	0.86982523608291	2403	0.0
chr6	121750000	122650000	0.8333333333333334	2435	0.021479727410451396
chr6	124150000	125150000	0.7316171919370917	2483	0.0
chr6	126200000	127500000	0.9497466904999963	2524	4.789468436941201
chr6	127900000	129750000	0.8404254920497679	2558	0.08179409116364734
chr6	131150000	132100000	1.0	2623	3.740465034520099
chr6	135800000	137300000	0.9019607843137254	2716	4.426013099898851
chr6	140400000	141950000	0.8428486543968348	2808	0.0
chr6	146050000	147050000	1.0	2921	2.988533214774453
chr6	153350000	154500000	0.7994178323562651	3067	0.007195501404203767
chr6	157600000	158550000	0.8047378541243649	3152	4.457462964648552
chr6	160100000	161050000	0.9023689270621825	3202	5.8257278186132755
chr6	162350000	163550000	0.5892556509887896	3247	0.04963076772460043
chr6	163550000	164500000	0.8535533905932737	3271	5.64104018795002
chr6	164500000	165450000	1.0	3290	0.0
chr7	9150000	10400000	0.6863961030678928	183	0.0
chr7	11400000	12550000	0.779527503839951	228	5.283242726256281
chr7	13350000	14700000	0.8422882667927564	267	3.683696454306516
chr7	14700000	16100000	0.9581581115980782	294	0.007195501404203767
chr7	18450000	19750000	1.0	369	2.8603007074192868
chr7	19750000	20650000	0.7722854315746106	395	1.67053823242723
chr7	23650000	24750000	0.7194817936091211	473	2.0874628412503395
chr7	25850000	27250000	0.8336930976840335	517	5.271276259175926
chr7	27250000	28150000	0.7071067811865475	545	5.498091268540895
chr7	38500000	39550000	0.9166666666666666	770	2.8497491172823954
chr7	40950000	41900000	0.9511844635310911	819	0.007195501404203767
chr7	41900000	42850000	0.9511844635310913	838	0.04963076772460043
chr7	45950000	47250000	0.8891406298939355	919	0.03210084316702408
chr7	48050000	50100000	0.8341496835570394	961	0.27996647156863164
chr7	50600000	51500000	0.9267766952966369	1012	3.1273581400204744
chr7	51500000	54100000	0.7232679373729989	1030	0.0
chr7	55400000	56300000	1.0	1108	6.714831988737915
chr7	56300000	57250000	0.9511844635310913	1126	0.007195501404203767
chr7	63050000	64100000	0.790790557990391	1261	2.4392906810420176
chr7	64100000	65100000	0.7165353620799368	1282	3.7349805234358895
chr7	67550000	68700000	0.7803300858899106	1351	0.0
chr7	70250000	71200000	0.9414213562373095	1405	0.0
chr7	71200000	72350000	0.86982523608291	1424	2.588564737401352
chr7	73850000	75000000	0.9581581115980782	1477	4.210817432089214
chr7	75000000	76100000	1.0	1500	4.77605462494397
chr7	76100000	77000000	0.5771601883432527	1522	1.016139702655253
chr7	77750000	78900000	0.8901650429449552	1555	0.0
chr7	85450000	86450000	0.8744743347942345	1709	0.0
chr7	87000000	88550000	0.8569725846505648	1740	3.9700253390889975
chr7	88550000	89750000	0.8734919064303392	1771	0.0
chr7	94000000	95550000	0.7179208045231164	1880	1.6353674541583996
chr7	97550000	98500000	0.9	1951	2.380821783940931
chr7	101150000	103050000	0.8866314163920536	2023	4.807473820595442
chr7	108250000	110600000	0.7678440859015901	2165	0.0
chr7	113550000	115750000	0.7599497366992214	2271	0.009586048829197932
chr7	116950000	117900000	0.8190355937288492	2339	3.80184844575106
chr7	117900000	119800000	0.8140495538722765	2358	0.0
chr7	123600000	124500000	1.0	2472	0.0036022366801955253
chr7	124500000	125450000	0.7071067811865475	2490	6.411002459617349
chr7	125450000	127200000	0.9506460710169589	2509	3.5310694927259543
chr7	128800000	129700000	1.0	2576	4.8112508221739345
chr7	131300000	132400000	0.7955048484370857	2626	0.0
chr7	133100000	134150000	0.9581581115980782	2662	3.368535562475729
chr7	135850000	137300000	0.8718592167691146	2717	0.0036022366801955253
chr7	142050000	143000000	1.0	2841	4.259060587413906
chr7	143000000	144150000	0.9267766952966369	2860	1.3712371556107663
chr7	145900000	147950000	0.7305610534597811	2918	0.0
chr7	149500000	150550000	0.8894427190999916	2990	3.7552140011299957
chr7	152550000	153750000	0.8169417382415922	3051	0.0
chr7	154600000	155600000	0.9285714285714286	3092	5.588364848929832
chr7	155600000	156600000	0.9023689270621824	3112	2.1342209397606338
chr7	157200000	158300000	1.0	3144	0.007195501404203767
chr8	950000	2150000	0.9414213562373095	19	2.366252263699564
chr8	2150000	3100000	0.7071067811865475	43	0.0
chr8	3100000	4850000	0.7996828398093799	62	0.0
chr8	4850000	6100000	0.8934933749769265	97	3.147306698780294
chr8	6800000	8050000	0.7512144564308695	136	0.0
chr8	12450000	13550000	0.8102378596455089	249	1.9574503363471163
chr8	14200000	15150000	0.7458122890254859	284	0.007195501404203767
chr8	15700000	16650000	0.8242640687119284	314	0.31614574229335635
chr8	17750000	18700000	0.9023689270621824	355	4.914038245637376
chr8	20150000	21800000	0.9121320343559642	403	5.33096168161273
chr8	21800000	22900000	0.7627946161743178	436	3.7246502717329673
chr8	31100000	33500000	0.8176006698022972	622	3.0713908517364708
chr8	33500000	34850000	0.7972277715906868	670	0.0
chr8	34850000	36700000	0.86645098933908	697	0.0
chr8	36700000	37600000	0.9	734	3.6812618414704734
chr8	38700000	39750000	0.6380711874576983	774	3.103977139513613
chr8	48950000	49850000	0.882842712474619	979	0.0036022366801955253
chr8	50350000	52550000	0.8251645515856583	1007	0.0
chr8	55500000	56400000	1.0	1110	0.0
chr8	57100000	58300000	0.8518518518518519	1142	3.312084261514754
chr8	58300000	59400000	1.0	1166	2.934044647112246
chr8	59400000	60950000	0.9511844635310912	1188	5.301267540565574
chr8	62550000	64150000	0.9674563090207275	1251	4.360434513151206
chr8	64150000	65350000	0.911900753465172	1283	0.0
chr8	65350000	66500000	0.804737854124365	1307	0.0
chr8	66500000	67400000	1.0	1330	3.20346220671828
chr8	67400000	68600000	0.8888888888888888	1348	3.837071675251051
chr8	69350000	70550000	0.8535533905932737	1387	0.02856915219677092
chr8	71600000	72700000	0.8901650429449552	1432	0.0874628412503394
chr8	73200000	74600000	0.8673569784804729	1464	9.327642458875573
chr8	75150000	76300000	0.8400733524199802	1503	0.39835037034596477
chr8	76300000	77250000	0.8047378541243649	1526	0.0
chr8	77250000	78200000	0.867851130197758	1545	3.8557405917150294
chr8	78200000	79300000	0.7478434376790869	1564	0.0
chr8	79300000	80500000	0.67175144212722	1586	0.10880321149662671
chr8	82650000	85450000	0.7370844892357902	1653	1.7081872360207087
chr8	85450000	86400000	0.8242640687119284	1709	4.515384460636948
chr8	87600000	88600000	0.8535533905932736	1752	0.0
chr8	89350000	90700000	0.8630852169962631	1787	0.0
chr8	96350000	97300000	0.9414213562373096	1927	6.450159622356272
chr8	97300000	98200000	0.7071067811865475	1946	2.908332569782425
chr8	102350000	103250000	1.0	2047	1.2555007331483865
chr8	105900000	106800000	0.565685424949238	2118	3.231893161645331
chr8	106800000	107950000	0.8888888888888888	2136	3.78135971352466
chr8	108750000	109800000	0.6242640687119285	2175	7.3594860303113885
chr8	110750000	111800000	0.7071067811865475	2215	0.0
chr8	114450000	116200000	0.9617965366765062	2289	0.007195501404203767
chr8	118800000	120700000	0.7968297713716836	2376	0.22209796372936608
chr8	120700000	122700000	0.8756448937751179	2414	4.540631779654098
chr8	122700000	123600000	0.7071067811865475	2454	0.0
chr8	126750000	127800000	1.0	2535	0.07724299893246035
chr8	127800000	128700000	0.9267766952966369	2556	0.007195501404203767
chr8	129850000	130750000	1.0	2597	0.0
chr8	130750000	131800000	1.0	2615	5.517013170228076
chr8	131800000	132950000	1.0	2636	2.7671250772690716
chr8	133700000	134850000	0.9023182522881197	2674	2.6953575639084573
chr8	136950000	138450000	0.9138549356431023	2739	0.0
chr8	139700000	140650000	1.0	2794	0.0
chr8	140650000	142500000	0.7401837112382473	2813	3.861729840854031
chr9	1050000	1950000	1.0	21	0.0
chr9	3700000	4600000	1.0	74	0.021479727410451396
chr9	5650000	6800000	1.0	113	3.113117036390723
chr9	6800000	10000000	0.7043083205302462	136	6.212569338850805
chr9	10000000	11350000	0.9051189298227543	200	0.0
chr9	11350000	12500000	0.8372815451036375	227	0.0
chr9	13000000	13900000	0.7071067811865475	260	2.6926503700355298
chr9	13900000	14800000	0.9414213562373096	278	0.6765683145222499
chr9	15700000	17000000	0.8934933749769264	314	0.007195501404203767
chr9	34700000	35600000	1.0	694	4.6968840908554546
chr9	35950000	36900000	0.5846456278799631	719	4.285864547031848
chr9	37450000	38450000	0.8420610272857022	749	5.3264294871223035
chr9	70850000	72000000	0.8642766952966369	1417	2.4780010558379297
chr9	76250000	77300000	1.0	1525	0.0
chr9	77850000	78900000	1.0	1557	0.0
chr9	79850000	81000000	0.8771585767777684	1597	4.517826836026677
chr9	81000000	82600000	0.9511844635310913	1620	2.4737869116143676
chr9	82600000	84150000	0.7654541440584458	1652	0.0
chr9	84550000	85750000	0.9414213562373095	1691	0.0036022366801955253
chr9	85750000	87000000	0.7544522970408667	1715	5.816869880803518
chr9	87000000	88300000	0.8217855964894211	1740	0.0
chr9	89000000	89900000	0.7071067811865475	1780	0.0036022366801955253
chr9	100300000	101550000	0.8914213562373094	2006	5.193426795560213
chr9	103350000	104250000	0.8535533905932737	2067	3.1634987322828794
chr9	104900000	106600000	0.7869867499538526	2098	0.0
chr9	106600000	107500000	0.8535533905932737	2132	1.5618013212734698
chr9	108650000	110000000	1.0	2173	0.0
chr9	110000000	111150000	1.0	2200	5.702657543390911
chr9	114100000	115150000	0.7811477873211011	2282	4.884375909841959
chr9	119450000	120350000	0.7071067811865475	2389	2.352617298958503
chr9	120350000	122150000	0.9008883476483185	2407	0.0
chr9	123300000	124250000	0.882842712474619	2466	5.570817084568393
chr9	128650000	130150000	0.8088537914352392	2573	2.110315512304157
chr9	130900000	131800000	1.0	2618	5.369798542002655
chr9	134150000	135200000	0.824535599249993	2683	4.027021314622255
chr9	137450000	138500000	0.8157378651666526	2749	3.1250173315188627
chrX	1350000	2550000	0.7775640720246149	27	4.325130526925705
chrX	2550000	3850000	0.8361427157873053	51	2.2479275134435857
chrX	4450000	7200000	0.8933756811863198	89	3.189033824390017
chrX	8750000	10050000	0.9414213562373095	175	1.44927837300232
chrX	11850000	12800000	0.7071067811865475	237	0.0
chrX	15750000	16850000	0.8744743347942345	315	3.267723051627423
chrX	19450000	20500000	0.8888888888888888	389	4.328944145449754
chrX	20500000	21800000	0.861352157650265	410	0.0
chrX	21800000	23650000	0.858597072215641	436	3.6861803374152973
chrX	24250000	25150000	0.8017766952966369	485	2.000450771770857
chrX	25150000	26650000	0.7587938198006862	503	0.026209879322848628
chrX	27400000	30050000	0.7717930420160422	548	0.017921907997262315
chrX	30650000	32150000	0.9288391973670658	613	3.339137384919585
chrX	32150000	33400000	0.8668667187211578	643	2.9579145986329856
chrX	33400000	34450000	0.9023689270621824	668	0.0
chrX	34450000	35850000	0.9774697523989652	689	0.07496205768122191
chrX	35850000	37050000	0.8242640687119285	717	0.03738222200308026
chrX	37050000	38400000	0.8261844635310913	741	1.9091621440135569
chrX	39450000	40400000	0.782842712474619	789	4.398145116504409
chrX	42150000	43700000	0.9186407725518188	843	0.5753123306874369
chrX	45100000	46250000	1.0	902	0.0
chrX	53100000	55400000	0.8822433654314314	1062	4.619448226483201
chrX	62950000	64700000	0.8726551222550207	1259	1.3425547454773201
chrX	72000000	73000000	0.844887651767585	1440	0.11484292633876304
chrX	73800000	74800000	0.790790557990391	1476	3.6321518644336095
chrX	75450000	76600000	0.8169417382415922	1509	0.014355292977070055
chrX	77450000	78350000	1.0	1549	0.005399987742589676
chrX	80750000	82200000	0.7765388251536718	1615	0.0
chrX	82200000	83150000	1.0	1644	0.0
chrX	85450000	86500000	0.7357022603955158	1709	0.0
chrX	87050000	88450000	0.6931082800065889	1741	0.0
chrX	89050000	91100000	0.7616624396527782	1781	0.0
chrX	91100000	92050000	0.7071067811865475	1822	0.0
chrX	92050000	98200000	0.39713964184277406	1841	0.07724299893246035
chrX	98200000	99800000	0.9023689270621824	1964	0.0
chrX	102750000	103650000	0.882842712474619	2055	5.060412227803218
chrX	104450000	105650000	0.86982523608291	2089	0.0018022426339853836
chrX	108700000	109700000	0.8130805229265299	2174	3.382321407114501
chrX	111050000	113100000	0.7166892528007328	2221	0.0
chrX	113100000	114400000	0.8613521576502652	2262	0.07382023329167138
chrX	115050000	117400000	0.7008982818201854	2301	0.512226886513957
chrX	117400000	118450000	0.7363314823837865	2348	4.125509413247917
chrX	119050000	119950000	0.75	2381	5.838504893968431
chrX	120750000	122200000	0.8552284749830793	2415	0.0
chrX	124250000	128650000	0.5593598344791787	2485	0.0
chrX	130900000	131850000	0.6380711874576983	2618	3.6496154590634102
chrX	131850000	132900000	0.8535533905932736	2637	0.007195501404203767
chrX	136200000	137150000	0.7071067811865475	2724	0.0
chrX	137800000	138700000	0.9414213562373096	2756	2.113533819591914
chrX	140700000	143350000	0.7452605401603678	2814	1.9808377429131059
chrX	143350000	144350000	0.7071067811865475	2867	0.0
chrX	144350000	147100000	0.734505477472913	2887	2.425257871999214
chrX	150950000	152050000	0.9633883476483185	3019	5.952252912558853
